"ID"	"S01"	"S02"	"S03"	"S04"	"S05"	"S06"	"S07"	"S08"	"S09"
"TCGA.2J.AAB6.01"	6.18761470995609e-15	6.18761470995609e-15	0.0121013521429671	0.00452805926343382	6.18761470995609e-15	0.0425803266366516	0.30067111222033	0.00503077047853134	0.0169145848235819
"TCGA.2J.AAB8.01"	8.32086293557166e-15	8.32086293557166e-15	0.00280669056927521	0.0389735949621255	0.00109092456649251	0.104846618969083	0.0223202484790057	0.198186127405511	0.0803408996094429
"TCGA.2J.AAB9.01"	0.00321139422534189	0.0270307644087096	0.00012953377108079	1.15350064289292e-14	0.0456092338504765	0.00806366198621062	0.122191374424336	0.0323325864607665	0.0696274337030462
"TCGA.2J.AABA.01"	0.0080787708552898	8.11692002939015e-15	1.02544719775805e-05	8.11692002939015e-15	0.0181309707521927	0.0673073871869545	0.0638745564168909	0.109280895034232	0.205722490544324
"TCGA.2J.AABE.01"	8.63840658951373e-15	0.319581720229905	0.00142939350611798	0.0491233326287791	8.63840658951373e-15	0.0827275737777592	0.027651865049235	0.0419138917838454	0.0800453813388647
"TCGA.2J.AABO.01"	7.97321616142388e-15	7.97321616142388e-15	7.97321616142388e-15	7.97321616142388e-15	8.76863855409182e-05	0.0489311085460245	0.0788933922262197	0.129999162661947	0.0652083354752998
"TCGA.2J.AABP.01"	3.9181078033705e-15	3.9181078033705e-15	0.241576617862503	0.0854744136394363	0.0600613325689937	0.138351938277183	0.280853835681708	0.0376928557341712	3.9181078033705e-15
"TCGA.2J.AABT.01"	0.0347649054722291	0.230433622828413	0.0466624508025537	0.110747608886529	0.0828312820424211	0.0158690840064941	0.0747013465629822	0.0749208512035803	0.0568842736703594
"TCGA.2J.AABU.01"	6.96105522446654e-15	6.96105522446654e-15	0.00268951915634558	6.96105522446654e-15	0.0164817808222866	0.0446551636537885	0.03338836033201	0.106723571934838	0.0246656889179235
"TCGA.3A.A9I7.01"	0.0703900564495023	1.05296484985288e-14	0.0359035853829397	1.05296484985288e-14	1.05296484985288e-14	0.081391050728607	0.0510211958390876	0.0807506377743073	0.182783528908386
"TCGA.3A.A9IB.01"	9.0526165959711e-15	9.0526165959711e-15	9.0526165959711e-15	0.081359015659182	0.0515712046458377	0.0887853723836834	0.2366769042235	0.0935655773109837	0.0366271644661412
"TCGA.3A.A9IC.01"	7.31275954750728e-15	7.31275954750728e-15	7.31275954750728e-15	0.00993670838118642	7.31275954750728e-15	0.143821783482291	0.0247667953779196	0.0150699249188195	0.0478662141345714
"TCGA.3A.A9IN.01"	4.48085143593421e-15	4.48085143593421e-15	4.48085143593421e-15	4.48085143593421e-15	0.122820920478624	4.48085143593421e-15	0.0538333285942436	0.00667767738246985	0.240934838531433
"TCGA.3A.A9IV.01"	3.95174382497904e-15	3.95174382497904e-15	3.95174382497904e-15	3.95174382497904e-15	0.0218929955466961	0.00519780539822133	0.00857114780600594	0.128538455935712	0.15727305159649
"TCGA.3A.A9IX.01"	0.336083542075677	9.84091538028392e-15	9.84091538028392e-15	0.0524177137707467	0.143879336205099	0.018523933491747	0.0949718188145213	0.0403974680306615	0.140520383046703
"TCGA.3A.A9J0.01"	7.47822203928707e-15	0.0202437349575453	7.47822203928707e-15	7.47822203928707e-15	7.47822203928707e-15	0.055220661833258	0.178406930904427	0.0606525441039865	0.00693727542317446
"TCGA.3E.AAAZ.01"	8.06774694227046e-15	8.06774694227046e-15	3.63482609579448e-12	8.06774694227046e-15	0.0144236368026733	8.06774694227046e-15	0.0486049044150109	0.11850189453113	0.00370957651465822
"TCGA.F2.7273.01"	0.146234738469218	0.169685369863375	0.0103855632057267	0.215706692586998	0.182099523581976	3.58696035960922e-09	0.0138932009533853	0.0609962964746991	0.0504804365062156
"TCGA.F2.7276.01"	0.137897369255916	0.00576729338934832	0.0883697274846911	0.147669206764917	0.204743523868399	8.47879088126184e-15	0.160140223683851	0.0982110658913742	0.0714578346590152
"TCGA.F2.A44G.01"	7.66302351041629e-15	0.0163647663833985	7.66302351041629e-15	0.0518358072698931	7.66302351041629e-15	0.0109281645593782	0.203798453530969	0.0811517748714207	0.0149795934487851
"TCGA.F2.A44H.01"	7.86530433344112e-15	0.29070961880134	0.0324624032787226	0.153958849213062	0.00102370244187791	0.0366636033302597	0.0251596257602328	7.86530433344112e-15	0.0370509837561904
"TCGA.FB.A4P5.01"	0.246571204596311	0.0782322382627631	0.201179024391088	0.0473236799199203	0.123507766743318	7.18549194833436e-15	0.092387432871216	0.016385358468253	0.140632472155043
"TCGA.FB.A545.01"	4.4765103179919e-15	4.4765103179919e-15	4.4765103179919e-15	4.4765103179919e-15	4.4765103179919e-15	0.0384152733013179	0.0457770310157309	0.0738913078318704	0.0441264584871323
"TCGA.FB.A7DR.01"	8.45667196616939e-15	2.45478512969418e-10	0.0407906149727369	2.25145153071452e-11	0.0718944970251921	0.0543810906068443	0.163810543981322	0.120414542166288	0.0999861787159516
"TCGA.FB.AAPS.01"	0.0881769390111861	0.163769624600097	0.0304006890785732	7.40132782443897e-15	0.0691025000468773	0.31886319414973	0.0272169786941326	7.40132782443897e-15	0.0657190757030157
"TCGA.H6.8124.01"	5.68322763025251e-15	5.68322763025251e-15	5.68322763025251e-15	5.68322763025251e-15	5.68322763025251e-15	0.0315943385820353	0.0446514947558016	0.174038459597416	0.0383563879341533
"TCGA.H6.A45N.01"	0.133782810466595	0.124023487711739	0.0764997956696942	0.0365482424926274	0.0668541326267609	0.0487635244037802	0.0894758476013463	0.0243769707594961	0.314001557880871
"TCGA.HV.A5A4.01"	0.0153754546440037	0.0277200305202748	0.0113212807371207	8.76828509681601e-15	8.76828509681601e-15	0.048783218807678	0.0888670895595627	0.075761445637364	0.173445653900233
"TCGA.HV.AA8V.01"	9.35179867734763e-15	0.196213937929122	9.35179867734763e-15	0.0165380825219968	9.35179867734763e-15	0.235571560087029	0.0457235420426902	9.35179867734763e-15	0.109881359987478
"TCGA.HZ.7918.01"	0.152771031587572	0.103196239367009	0.329192325791079	0.00529603342890329	0.0131987393298016	6.46973943908874e-15	0.0612639272331914	0.159613758914708	0.0152289416841275
"TCGA.HZ.7920.01"	0.149072319891589	7.05545273771862e-15	0.0228057331301745	0.0780544578345477	0.338321229028053	7.05545273771862e-15	0.0816124058600955	0.152259412588699	0.0576629314994801
"TCGA.HZ.7922.01"	0.0126148215147726	1.00386012655793e-14	0.0305496618823613	0.0320635565194001	1.00386012655793e-14	0.18933061440761	1.00386012655793e-14	0.20170959387932	0.0586192903964356
"TCGA.HZ.7923.01"	0.290706149632198	0.0667608082032496	0.0508010355622806	0.171946330404411	0.244030477471187	0.0175533996571912	0.00660270412260246	0.00691608135113329	0.144642070480239
"TCGA.HZ.7925.01"	8.65114687784281e-15	0.0108557976602017	8.65114687784281e-15	0.100660666895033	0.049287951483884	0.368829870266977	0.0542919437076956	0.0181624477647143	0.0275726443783303
"TCGA.HZ.8001.01"	0.127888197753056	0.0602047390409354	0.0877638908423432	0.115466570645052	0.236605234292841	0.0535679024717607	0.0643335043465436	0.0348422473262498	0.00534310976595895
"TCGA.HZ.8002.01"	0.168262164015891	0.0425238877768267	0.00258784292090355	0.128379152293531	0.314212672327045	0.0120287942923886	0.047303037983927	0.204744624121782	0.0769682576463543
"TCGA.HZ.8003.01"	0.0372005006354313	0.0393289544341592	0.0985777909505296	0.0181838231860108	6.81917484848318e-15	6.81917484848318e-15	0.0403880945819687	0.00106090926327303	0.0307736939219561
"TCGA.HZ.8005.01"	6.80042510708597e-15	6.80042510708597e-15	0.074787786001524	0.0413482349429059	6.80042510708597e-15	0.10552671618149	0.101285364968625	0.0912763700305259	6.80042510708597e-15
"TCGA.HZ.8315.01"	0.0496899441415925	0.127161804513384	0.125632563501405	0.126536746229779	0.0398883506981421	0.0349822014372762	1.06181041801682e-14	0.197943132429501	0.182418650051618
"TCGA.HZ.8519.01"	0.115613402132114	7.86409132287148e-15	0.0823604345937991	7.86409132287148e-15	0.280041593200252	7.86409132287148e-15	0.00372896756967923	0.221756990522252	0.226480957258151
"TCGA.HZ.8636.01"	0.107515517708786	0.0215078818785453	0.0432507482486114	0.203719856071734	8.68606598176579e-15	0.0687238652786104	0.180144037546452	0.178473692558425	0.082349965302648
"TCGA.HZ.8637.01"	0.217634269383236	0.026043051925145	0.382340333940519	0.114947347145793	0.0166262818622914	4.53994770247245e-15	0.0598901803644093	0.110828712645361	0.041473710849756
"TCGA.HZ.A49G.01"	0.0957918990712752	0.265314291402757	0.0498947690709431	0.249843134652391	0.0437538443726759	7.19933817081149e-15	0.0534414397979149	2.40007062589658e-10	0.160957130378097
"TCGA.HZ.A49H.01"	0.108154507640681	7.96625752511055e-15	0.0306310728587196	0.0259279908791826	0.268479825900762	7.96625752511055e-15	0.148841656235266	0.0166420116442857	0.070596069622454
"TCGA.HZ.A77P.01"	9.74136174052988e-15	0.024111318149485	0.0227772496897572	0.0105805119593963	0.343255787073571	0.0118563998890804	0.121263632234461	0.0387746699484914	0.102120632943436
"TCGA.HZ.A77Q.01"	0.0969648091247657	0.132111331965178	0.00431672581110915	0.2779214533085	0.103032486818886	0.208099383438116	0.0851435206469875	7.14525499824206e-15	7.14525499824206e-15
"TCGA.IB.7645.01"	0.150464026776355	0.11477409679282	0.107836068668948	0.20963550464074	0.184731863750259	0.0692862883276306	0.0688626263376614	0.0811546248518233	0.00626298572861978
"TCGA.IB.7646.01"	6.42741776049816e-15	6.42741776049816e-15	0.0984652182944947	0.140168174176097	6.42741776049816e-15	0.0988506783219769	0.0830312953964453	0.176554138682871	0.100278260823379
"TCGA.IB.7647.01"	0.232228799008296	0.00973869427092406	0.0579955278445636	0.0592898410543096	0.0898383096698065	0.0231664374148868	0.0992900868434543	0.257567464980988	0.00795842031504753
"TCGA.IB.7649.01"	0.125387018703981	0.313369609221105	0.0276113658181514	0.0722226768327895	0.0995927530424561	0.00756599761163885	0.0816072416143398	0.112499176891671	0.0256472451013101
"TCGA.IB.7651.01"	0.0141884046645093	0.116826959143654	0.354683613964193	0.0590538621250931	0.00269202708372936	0.00461100714121587	0.0617564144144817	0.15384839376254	0.0198083988455868
"TCGA.IB.7654.01"	0.00208249465151839	0.0064664906323302	3.55936922504568e-10	8.07690953481382e-15	0.0100922312547048	0.0421676595611522	0.0217925195062501	0.0995638385134314	8.07690953481382e-15
"TCGA.IB.7885.01"	8.92058311487579e-14	0.207529085793663	0.0572567546391954	0.151302545219992	0.0324399218883539	0.111214049691925	0.0678396202410936	0.0645777777186213	1.06953293371777e-14
"TCGA.IB.7886.01"	9.16096205427438e-15	9.16096205427438e-15	0.116455569557169	0.11056591020518	9.16096205427438e-15	0.0339460048391276	0.0221593536642497	0.229807066208425	9.16096205427438e-15
"TCGA.IB.7887.01"	7.80340328625048e-15	0.0171460660041267	0.00162670573193509	7.80340328625048e-15	7.80340328625048e-15	0.0310580152944253	0.0678347444265561	0.222709543100455	0.0287679850934432
"TCGA.IB.7888.01"	0.27157567026439	7.41765865440405e-15	0.0770374792183053	0.127653477248391	0.199628708845373	0.0329833571896459	0.0708566715975523	0.0908200177900027	0.0115776278883724
"TCGA.IB.7890.01"	8.80727486401612e-15	0.0579516949154743	8.80727486401612e-15	0.0757795541322208	0.0148829482106044	0.444887272436608	1.95162362582574e-12	0.128354367296829	0.000384278976103086
"TCGA.IB.7891.01"	0.118679632275991	0.110218439931102	0.228126751007464	0.0640565077785367	0.0365993038997191	0.00926157810053336	0.0575251289775985	0.124012091645439	0.0157590810338574
"TCGA.IB.7893.01"	6.64141357452104e-15	0.0162692304348135	6.64141357452104e-15	0.0736732288009377	6.64141357452104e-15	0.304768522826837	0.0914804878830921	0.10927775112677	6.64141357452104e-15
"TCGA.IB.7897.01"	0.220977896728874	6.02941664998825e-15	0.0645235923131425	0.0868820851338811	0.326851768295647	6.02941664998825e-15	0.0339408115298928	0.113178625339509	0.127179089945935
"TCGA.IB.8126.01"	0.0307888368273014	0.00759452844837343	5.7792707386068e-15	5.7792707386068e-15	0.0409431894410514	5.7792707386068e-15	0.0594964859614097	5.7792707386068e-15	0.0591388094105641
"TCGA.IB.8127.01"	2.36938026532399e-08	0.246311469239562	0.0737502486359174	0.105780662676032	9.29578250414122e-15	0.00876882589916203	0.041292616080589	0.261255217205929	0.0718365449591409
"TCGA.IB.A5SO.01"	0.149360449710198	0.169274654849439	0.0167420146955671	0.0554352825155604	0.0441842461807374	0.140868054836432	0.0326658960566484	0.0351130363243399	0.182277247916904
"TCGA.IB.A5SQ.01"	0.0186983565028279	0.163517746152373	0.045233238628949	0.0632078190609527	0.0886736136945016	0.197545978675372	0.141620606275755	0.0369662146749946	0.0480578313159132
"TCGA.IB.A5SS.01"	7.00517486027277e-15	0.171650774199394	7.00517486027277e-15	0.10778481570136	7.00517486027277e-15	0.152278114779339	0.105271322853154	0.0730306692859429	7.00517486027277e-15
"TCGA.IB.A5ST.01"	0.300230518706507	6.71212293695862e-15	0.043945412311865	0.140226703838874	0.125855026587066	0.0391820593391126	0.194010325979676	0.0283429297874163	0.0112691969287957
"TCGA.IB.AAUP.01"	0.551645567076802	0.0372779403206247	0.00797438759832094	6.91008531509482e-15	0.0295522600231964	0.064258840410806	0.109210912795905	0.0630720597757801	0.0563363116429218
"TCGA.IB.AAUQ.01"	8.41494200207141e-15	0.000940930433237384	0.000624454344296099	8.41494200207141e-15	0.0206774448104412	0.0349711692367561	0.1620056609611	0.0714394278366936	0.184668667823243
"TCGA.IB.AAUR.01"	0.497487494456364	5.88820004324204e-15	3.93835093225837e-10	0.0556864270432123	0.151619940956438	0.0247437611564789	0.106968882994154	5.88820004324204e-15	0.0531979540953899
"TCGA.IB.AAUS.01"	0.0842564952507984	0.269631692016114	0.117268267665006	0.271797956914785	0.0504911122273154	0.0835635583604772	0.0778929209094554	4.71968175474316e-15	4.71968175474316e-15
"TCGA.IB.AAUT.01"	0.111557569652632	0.20662914206656	0.104243533273195	0.0601560017742171	0.0814368421290089	8.6164253539433e-15	0.0322033121103208	8.6164253539433e-15	0.182842074259027
"TCGA.IB.AAUV.01"	0.133310948157741	0.198563183379661	0.0754239119792304	0.0310587145646998	0.152565483884324	0.21819858859278	0.0505777789007757	0.0192104866831384	0.0610509633902993
"TCGA.M8.A5N4.01"	8.25631953440216e-15	0.162193587254061	0.0389037313710273	0.106103384373668	8.25631953440216e-15	0.0537271686424171	0.0419692328624445	0.0985531845142932	0.0141415916692458
"TCGA.PZ.A5RE.01"	7.004427786456e-15	0.277447156977861	0.0132129400135267	0.104489563025448	7.004427786456e-15	0.0200775950179959	0.0360562516286116	0.0190314275999502	0.0677276487775532
"TCGA.Q3.A5QY.01"	0.46185968886738	0.09663453123933	0.0704834698194535	0.0113406777467328	0.046843851577071	5.30194307822377e-15	0.091160528944379	5.30194307822377e-15	0.0372441203433111
"TCGA.RB.A7B8.01"	1.02789886080753e-14	0.107713644073338	0.0533601022125331	1.02789886080753e-14	0.011271576587681	0.118824213413037	0.113439308002738	0.0305671347211968	0.0926132850088292
"TCGA.RL.AAAS.01"	0.200241870339871	0.0413975038368723	0.0451684855261278	0.00179881768063404	0.127447459946796	0.0366219459785831	0.0914205835648271	0.0232666143554668	0.0464965679747723
"TCGA.US.A774.01"	0.0441370203733949	0.136636238845485	0.100873448221712	0.0698518896711315	0.0353834060904458	0.0640008493262723	0.139396829926654	0.0706953595431067	0.107776040461637
"TCGA.US.A77E.01"	0.00100828512323539	0.00173887924664384	7.60981533050108e-15	7.60981533050108e-15	7.60981533050108e-15	0.0271330611297409	0.0474713042195561	0.0557716614866651	0.0485810885975599
"TCGA.US.A77J.01"	0.362493368235274	0.0248734624918782	0.0769233843132563	0.0244236401893865	0.122687454490708	6.4268467960239e-15	0.0591398031096618	0.00752978338409424	0.0592576240365127
"TCGA.XD.AAUG.01"	0.00956624445570577	0.00490063417291838	8.50437428908136e-15	8.50437428908136e-15	0.183673576187156	0.233746768415332	0.0662233419409549	8.50437428908136e-15	0.143935536101212
"TCGA.XD.AAUH.01"	0.215173066646427	7.38674707339712e-15	7.38674707339712e-15	7.38674707339712e-15	0.315455315267458	7.38674707339712e-15	0.0747649841389983	0.0779919208642045	0.147212873031136
"TCGA.XD.AAUL.01"	9.8559560120793e-15	0.21471611014347	9.8559560120793e-15	0.0565990189356717	9.8559560120793e-15	0.046489605068773	0.0107303185119544	0.0734703297307469	0.107690344858532
"TCGA.XN.A8T3.01"	5.70781217375162e-09	0.0299633908998978	0.0230870868779863	9.84572116555337e-15	9.84572116555337e-15	0.0590844987867835	0.15785431133196	0.0695471540955879	0.259612718254439
"TCGA.XN.A8T5.01"	0.238906251947645	7.64766808052592e-15	7.64766808052592e-15	7.64766808052592e-15	0.265048771130125	0.038851021513202	0.110622744571342	0.0390515388496977	0.0623131697043334
"TCGA.YB.A89D.01"	0.0155034022289608	0.0482756110283762	0.0664458966215965	0.159389594467506	0.0289095404299798	0.223150069141599	1.24830276574045e-05	0.0565383486400762	0.0739457976127923
"TCGA.YH.A8SY.01"	0.00309006545902704	6.33873990157646e-15	0.00463112295635295	6.33873990157646e-15	6.33873990157646e-15	0.191537865218118	0.0847020624556477	0.00229495165164045	0.004562859055138
