"ID"	"S01"	"S02"	"S03"	"S04"	"S05"	"S06"
"TCGA.2J.AAB6.01"	1.1443168841753e-14	0.0266248189749359	0.0837713607610444	1.1443168841753e-14	1.1443168841753e-14	0.041953623095837
"TCGA.2J.AAB8.01"	0.000358979136983162	0.0320766805674234	1.14814924973735e-14	0.0671509883346639	1.14814924973735e-14	0.130824636946508
"TCGA.2J.AAB9.01"	0.00531299289581509	1.39285955190669e-14	0.0722905966684439	0.0600260324390301	0.245407744339423	0.0815039029770477
"TCGA.2J.AABA.01"	0.0674121041454611	1.22921723867338e-14	0.00880120800849852	0.127034134509702	0.0680886470370035	0.109476433757186
"TCGA.2J.AABE.01"	1.70170340814447e-14	0.0158783389853928	0.00818288378218993	0.0241760448665725	0.00272910379437428	0.0504642445489744
"TCGA.2J.AABO.01"	0.0199730951478404	1.50221772006923e-14	0.0544776414152189	0.0846284429558772	0.0690490032398889	0.0721774134111299
"TCGA.2J.AABP.01"	0.0447230951164157	0.179464073017563	0.0329218795536222	8.77191323758375e-15	8.77191323758375e-15	0.0685770182757439
"TCGA.2J.AABT.01"	1.20619836189503e-14	0.0759937902354552	0.10636186586669	0.156491652507191	0.0710312731097745	0.0507881292895926
"TCGA.2J.AABU.01"	0.015285188389046	1.12967789456091e-14	0.0158782269963873	0.202728761901188	0.0129833370300439	0.0171628922420194
"TCGA.3A.A9I7.01"	0.0921370926595729	5.43068562070749e-15	0.0612134835868733	0.538201794689032	0.00884201700013751	5.43068562070749e-15
"TCGA.3A.A9IB.01"	1.4735403700947e-14	1.4735403700947e-14	0.00699814053021078	0.0598218029065967	0.0110816057719061	0.228827711893969
"TCGA.3A.A9IC.01"	1.47613674670217e-14	1.47613674670217e-14	1.47613674670217e-14	0.0404011564708166	1.47613674670217e-14	0.0493802617238717
"TCGA.3A.A9IN.01"	7.30821545618028e-15	7.30821545618028e-15	0.292380019796605	0.0238341918401881	0.0943794505665593	0.0534625756304312
"TCGA.3A.A9IV.01"	4.25453660029415e-15	0.00555806554462282	0.173875616076216	0.0265297810913248	4.25453660029415e-15	0.127384810069562
"TCGA.3A.A9IX.01"	0.156938029308654	0.13056360843856	0.0804949061068942	0.0563106209008273	0.088323943505142	0.0423514256251949
"TCGA.3A.A9J0.01"	0.0730227664132591	1.56588594210844e-14	0.0101357707149052	0.0229428843348727	1.56588594210844e-14	0.147661552096296
"TCGA.3E.AAAZ.01"	0.00710522623510905	1.1211542029024e-14	0.0633708695550982	0.0880712029387036	0.0524163762774345	0.0113472929366013
"TCGA.F2.7273.01"	0.000545692275605548	0.183039974918479	0.138336060984132	0.0350813622850179	0.337798369070995	0.0380112641823735
"TCGA.F2.7276.01"	0.0979153947951792	0.120160510007172	0.0980631381993408	0.0689935413232142	0.25271947226483	0.164060190247043
"TCGA.F2.A44G.01"	1.35486931315139e-14	0.0186455219714351	1.35486931315139e-14	0.0243421074788258	1.35486931315139e-14	0.0700300168515965
"TCGA.F2.A44H.01"	1.44905641880388e-14	0.0444879876284977	0.0448799627348864	0.0429570292844608	0.177254646681076	0.0117811685484355
"TCGA.FB.A4P5.01"	0.226073112083943	0.0901831657529731	0.0660157433202066	0.0173341712789624	0.030834104850681	0.073247222645266
"TCGA.FB.A545.01"	1.13107119265025e-14	0.00756337058784271	0.0108193921241525	0.000188352236527654	1.13107119265025e-14	0.0666095014243858
"TCGA.FB.A7DR.01"	0.00212590536049984	0.000114216348194293	0.0680036648351822	0.191748005359847	0.0931032308337508	0.056000576339768
"TCGA.FB.AAPS.01"	0.12366432846688	0.0821568813000428	1.66347124677605e-14	0.0231322694490075	0.0341509055986313	1.66347124677605e-14
"TCGA.H6.8124.01"	8.33301379208132e-15	0.000386215435563751	0.0024645695465952	8.33301379208132e-15	0.0924041974321946	0.137190485393442
"TCGA.H6.A45N.01"	0.0304513573003375	0.0473044567049851	0.0981470235380358	0.0738902415141834	0.0917603600903479	0.0582904550553018
"TCGA.HV.A5A4.01"	0.0180165982797819	0.00953356817142175	0.0466324173901491	0.15230454818783	1.38963196270878e-14	0.0184131608815848
"TCGA.HV.AA8V.01"	0.0203677903403362	0.0313592447337943	1.4156102065219e-14	0.16538077840284	0.0566350709390152	1.10427618377762e-12
"TCGA.HZ.7918.01"	0.139566411447134	0.194867899070463	0.0834452598123355	0.0247887805904108	0.184899688404192	0.19871244967786
"TCGA.HZ.7920.01"	0.100525306998844	0.0611216435226284	0.243682679222208	9.91271411594448e-15	0.112279240302264	0.238720683297496
"TCGA.HZ.7922.01"	0.0143058597573501	0.0142162229957553	0.00186563882580771	0.0477339057060547	0.0402882011341554	0.140458406652491
"TCGA.HZ.7923.01"	0.17419756724394	0.195100457700908	0.208636999258912	1.01388287647827e-14	0.102919714524246	0.0269033164355528
"TCGA.HZ.7925.01"	1.58802270860273e-14	0.0273357744189647	1.58802270860273e-14	0.0294005698029617	0.0275279450101651	0.00560377384795155
"TCGA.HZ.8001.01"	0.17122292456391	0.1267044833579	0.169569352371691	3.61877758643818e-06	0.0641811333995871	0.142360381436522
"TCGA.HZ.8002.01"	0.0122649897925654	0.117216370456309	0.0984444233659883	0.0359027359906834	0.326913469185085	0.169061594483666
"TCGA.HZ.8003.01"	0.0483531468056717	0.044963289010029	0.107787374020191	0.0823239625259755	0.135997821764032	1.04116591191032e-14
"TCGA.HZ.8005.01"	1.33627504320968e-14	0.00365091791948363	1.33627504320968e-14	0.000335819803711411	1.33627504320968e-14	0.0451935407700363
"TCGA.HZ.8315.01"	0.0574804340502781	0.0760052948351446	2.11245927298323e-13	0.108842412132887	0.0870563525791173	0.125806874707237
"TCGA.HZ.8519.01"	8.8151317585076e-15	0.0996606580947259	0.241793302105747	0.0568458141798697	0.191158853253176	0.116945950990763
"TCGA.HZ.8636.01"	1.48512794346621e-14	0.135447571608732	0.111913781949358	0.0378838414201567	0.0476368781567873	0.109736717925609
"TCGA.HZ.8637.01"	0.120992763629062	0.227679603442181	0.104371886813262	0.169190480249491	0.0745939704186367	0.0349095972119619
"TCGA.HZ.A49G.01"	0.00111717785677618	0.124246942551074	0.047744930048316	0.0544578367026233	0.0705608126279171	0.0680884943310038
"TCGA.HZ.A49H.01"	0.134880259258308	0.0517197141161516	0.0805334416467397	0.0509519457005296	0.144360376322935	0.0307734296320215
"TCGA.HZ.A77P.01"	8.74771772238112e-15	0.00173888453678821	0.12126974580924	0.148839119050763	0.0907905257232748	8.74771772238112e-15
"TCGA.HZ.A77Q.01"	0.109011615503146	0.14395660541477	0.0490624835223661	0.0135213572671352	1.2284945911587e-14	0.0228449180783014
"TCGA.IB.7645.01"	0.0816135249443149	0.243971316464157	0.0130918900026332	1.22813942669307e-14	0.18684275844967	0.234700022455925
"TCGA.IB.7646.01"	1.15309833210302e-14	0.029553612955212	0.0661698227321056	1.15309833210302e-14	0.0312474632406619	0.151931468561237
"TCGA.IB.7647.01"	0.106381074104953	0.112434790075074	0.0430105885414426	0.195743855064671	0.0938640548987445	0.245175967040368
"TCGA.IB.7649.01"	0.0991095149817464	0.0989929882301125	0.0641714434735823	0.079507697614624	0.110926425494109	0.12437664602514
"TCGA.IB.7651.01"	0.131659139440405	0.15844993844675	0.0318176163861184	0.0617338466095668	1.17182096932203e-14	0.206869196935871
"TCGA.IB.7654.01"	1.26958301605178e-14	1.26958301605178e-14	0.0562815558522391	0.110326271346498	0.0371336077314355	0.0407700048456608
"TCGA.IB.7885.01"	0.085565580597779	0.0813766769986393	1.62202203017749e-14	0.227626667743791	1.62202203017749e-14	0.0132191027977922
"TCGA.IB.7886.01"	1.15382190673507e-14	0.0477515936696518	0.011172869701687	0.224012701964295	0.00794644877645401	0.0740091947628193
"TCGA.IB.7887.01"	1.3090048864289e-14	5.85974493152851e-07	0.0183219132411207	0.112523641862638	1.09643611598692e-09	0.182544722131159
"TCGA.IB.7888.01"	0.211057127389598	0.111100602351566	0.10464219822074	0.0235885316028364	0.124157088977913	0.0938171781430316
"TCGA.IB.7890.01"	0.00208380484376331	5.21882717564468e-09	0.0495994407673577	0.0132917762241001	0.0481822855056437	0.0836312932305035
"TCGA.IB.7891.01"	0.171642930792765	0.107368334570662	0.0724452496643345	0.0774881792258831	0.0618882363788186	0.0703129426951449
"TCGA.IB.7893.01"	1.35415410342129e-14	1.35415410342129e-14	1.35415410342129e-14	1.35415410342129e-14	0.0153888299807071	0.0942247148102055
"TCGA.IB.7897.01"	0.0550875302043813	0.105785469780772	0.24608012225063	0.0628265492914344	0.237741939165485	0.0659311426907706
"TCGA.IB.8126.01"	0.0313573495870845	0.0118906681089651	0.0737080843549406	0.122764480815495	0.236342719948266	1.00006690255844e-14
"TCGA.IB.8127.01"	0.0162851036168125	0.10658853103541	0.0183928074285776	0.204141869442668	0.0110374079838397	0.128439561003141
"TCGA.IB.A5SO.01"	0.167842536755385	0.0696467857977552	0.0603022165160245	1.26776042131662e-14	0.0319505292998913	0.106687748889581
"TCGA.IB.A5SQ.01"	0.0432468305122501	0.0125457693000579	0.229320946270327	0.0222244345169218	1.29948109102647e-14	0.138763353968808
"TCGA.IB.A5SS.01"	1.39945829385359e-14	0.0142544862660845	1.39945829385359e-14	0.00907889978142492	1.39945829385359e-14	0.0316367944386492
"TCGA.IB.A5ST.01"	0.255553874276988	0.113743392791161	0.0421984827396013	0.168088946085299	0.0389290901530208	0.0639823809469729
"TCGA.IB.AAUP.01"	0.277714650396641	0.0989576687364886	0.0418800471545571	0.0395280918359712	0.0259147468922787	0.0233379350514952
"TCGA.IB.AAUQ.01"	0.0437470680131181	1.40151649185816e-14	0.101649151534834	0.0560827486516725	0.0291535498604994	0.150228840698981
"TCGA.IB.AAUR.01"	0.257997149840782	0.129857707282104	0.0724587119645486	6.68061786820059e-15	0.017298506416987	1.73760614161113e-05
"TCGA.IB.AAUS.01"	0.0397800112493861	0.355100111201271	0.0242340014303889	0.00777774476740652	0.0183980387266973	0.0393074805305639
"TCGA.IB.AAUT.01"	0.11295523856364	0.113306327948595	0.145140462475778	0.194796273455345	0.0349068524489463	0.0816630847269353
"TCGA.IB.AAUV.01"	0.0639850511427746	0.103758983979308	0.0819853113133548	0.167849715760715	0.0662914388027757	0.0342904371608329
"TCGA.M8.A5N4.01"	1.40770638562345e-14	0.0515403026381959	0.0190336400165542	0.0441254266902393	1.40770638562345e-14	0.0229473916876106
"TCGA.PZ.A5RE.01"	1.05729277293686e-14	0.035743845543139	1.05729277293686e-14	0.254215966298444	0.00852035535106772	0.0664270185538485
"TCGA.Q3.A5QY.01"	0.273689698219101	0.1469406421306	0.0161753966393194	0.0101627056277361	0.0324311097755212	0.00448160511604068
"TCGA.RB.A7B8.01"	0.0174163306185258	0.0277796056556022	0.00389316781474475	0.0983346609277379	1.87148250605955e-14	0.0539030013921064
"TCGA.RL.AAAS.01"	0.144991581370719	0.0986225186445413	0.0078976530797592	0.0701648227418622	0.198722623200107	0.0418446831257132
"TCGA.US.A774.01"	0.120445645622252	0.0328794341122759	0.00848655026793146	0.0826065101176187	0.182528442477574	0.0375347121604965
"TCGA.US.A77E.01"	1.09032765342206e-14	1.09032765342206e-14	0.00429274220948018	0.258617930463388	1.09032765342206e-14	0.0355136400925656
"TCGA.US.A77J.01"	0.236610299626811	0.121082313334828	0.0755775301777229	0.0388970055695566	0.0268063623735697	0.0359396116290237
"TCGA.XD.AAUG.01"	0.0284732920600348	1.13012084372363e-14	0.246220959773819	0.0237044297027359	0.0390000267021293	0.0055749056537009
"TCGA.XD.AAUH.01"	0.233100993464331	0.0272768614028453	0.24922846391402	1.15264680600704e-14	0.0534834336899188	0.18126031856349
"TCGA.XD.AAUL.01"	1.28548938984417e-14	0.0124535142482295	0.0102101127959724	0.0668902571320018	9.14933751863872e-13	0.0556065680470718
"TCGA.XN.A8T3.01"	0.0128317908542682	0.00335342818112762	0.0457343774882904	0.0438394376570778	0.052470615552947	0.0880193330585309
"TCGA.XN.A8T5.01"	0.197184589453531	0.0393958812811686	0.0988801528436411	0.0141431611545056	0.054621445535856	0.095714498956879
"TCGA.YB.A89D.01"	1.2928159809084e-14	0.026489305932622	0.0941215396725414	0.0845429248003941	0.029749505293037	0.0853762783719779
"TCGA.YH.A8SY.01"	1.30345935698287e-14	1.30345935698287e-14	1.30345935698287e-14	0.0171581319157705	1.30345935698287e-14	0.0281610503255828
