"ID"	"S01"	"S02"	"S03"	"S04"	"S05"
"TCGA.2J.AAB6.01"	1.01900264678536e-14	0.00313703277492407	0.0139724986823458	0.0120935143772403	0.0002279045867326
"TCGA.2J.AAB8.01"	1.52426305968398e-14	1.52426305968398e-14	0.00368837895607609	0.0987933954910823	0.0183844277840863
"TCGA.2J.AAB9.01"	0.00154249932869615	0.0104609752162773	0.0775674902711244	0.153822967864127	0.200826973857267
"TCGA.2J.AABA.01"	0.00896166691780142	8.32735153044532e-15	0.0940308444616784	0.07803515342598	0.0685567024603986
"TCGA.2J.AABE.01"	1.49251706826797e-14	0.119325341555456	0.00682599885122155	0.146776457493828	1.49251706826797e-14
"TCGA.2J.AABO.01"	1.36011356756197e-14	0.0379125663455261	0.00846552977179354	0.144508509764879	0.159870231148549
"TCGA.2J.AABP.01"	0.267521499655416	7.02574446102077e-15	0.233610159129731	0.0685100676955724	0.0202533640366561
"TCGA.2J.AABT.01"	0.0809091689756944	0.0974073869802888	0.110706301424373	0.093046731803596	0.119608955310187
"TCGA.2J.AABU.01"	0.134952623213637	0.00931607335250443	1.11845767088534e-14	0.0678799542727827	0.116104080975075
"TCGA.3A.A9I7.01"	0.0435593186353363	0.118429145284945	0.00464367500024163	0.18166168980445	0.0630684836659859
"TCGA.3A.A9IB.01"	9.14506394991833e-15	0.00455366706825806	0.0305757153234501	0.105077930612197	0.0556941750736831
"TCGA.3A.A9IC.01"	0.0560623385187889	1.41676087055619e-14	0.124089921459987	0.0629831997581917	0.0674099428343391
"TCGA.3A.A9IN.01"	0.0148983070234238	8.30858964879462e-09	0.0494859163527689	0.188209605613208	0.248503252670297
"TCGA.3A.A9IV.01"	0.0264077893491763	5.98505272732576e-15	5.98505272732576e-15	0.0293863013741885	0.215293135061115
"TCGA.3A.A9IX.01"	0.123640528062955	0.163183131886149	0.1136923201457	0.0927677559592216	0.0831432525200593
"TCGA.3A.A9J0.01"	1.56587834380082e-14	1.56587834380082e-14	0.0357174698685166	0.0677280613229666	0.0108696345593775
"TCGA.3E.AAAZ.01"	1.20953840132333e-14	0.146397051602191	1.20953840132333e-14	0.125846568193721	0.0802151507308227
"TCGA.F2.7273.01"	0.0775301310405565	0.233934723794544	0.219814262475093	0.0411049996444707	0.0296940505387349
"TCGA.F2.7276.01"	0.103247268934877	0.173553486043772	0.188825844974555	0.0551734913732117	0.0652047132955738
"TCGA.F2.A44G.01"	0.00450082512615711	1.43427867449004e-14	1.43427867449004e-14	0.0992922833802869	0.0190305166534912
"TCGA.F2.A44H.01"	1.25295050682578e-14	0.174311285002352	1.25295050682578e-14	0.145113911009112	0.0118342254747966
"TCGA.FB.A4P5.01"	0.192937324340432	0.130314179914207	0.176008408177454	0.206837340822265	0.0781744648658306
"TCGA.FB.A545.01"	1.0519656509935e-14	0.0708825660412667	1.0519656509935e-14	0.121251676778352	0.0407390537021028
"TCGA.FB.A7DR.01"	0.106431844173027	0.0587878814600033	0.108527239103864	0.065253319163319	0.149236492393937
"TCGA.FB.AAPS.01"	0.112085757942139	0.00866551144473367	0.408241287507623	0.239487134281057	1.24550225970713e-14
"TCGA.H6.8124.01"	1.24680109171696e-14	0.0284679011049027	0.0012290163037553	0.0351858912879824	0.0462889267630154
"TCGA.H6.A45N.01"	0.0973461620433847	0.204475379972654	0.06837355836683	0.207861411412623	0.144895510063169
"TCGA.HV.A5A4.01"	0.102745687280616	1.39279167320851e-14	0.00186694355058214	0.178181008989262	0.131929598719046
"TCGA.HV.AA8V.01"	0.0383549163794124	0.0308971809348234	0.185130555264852	0.05203629397082	0.101044824892902
"TCGA.HZ.7918.01"	0.470392784307833	0.0501054442161472	8.7693685306259e-15	0.018201134046782	0.0958772467493592
"TCGA.HZ.7920.01"	0.146788316833506	0.0922258606388718	0.172060811217007	0.00875811734526327	0.153014073133493
"TCGA.HZ.7922.01"	1.87944888065167e-12	0.0445185639360168	0.0427117148400059	0.0328483566481109	0.0399252717529275
"TCGA.HZ.7923.01"	0.155249483690735	0.17144857602081	0.295017328396638	0.0189349165396806	0.0759599787700138
"TCGA.HZ.7925.01"	1.32268135897826e-14	1.32268135897826e-14	0.344033795425128	1.32268135897826e-14	0.0409992521230905
"TCGA.HZ.8001.01"	0.130968990855637	0.252782868456765	0.220234088977369	0.0166970080205651	0.0685454468920266
"TCGA.HZ.8002.01"	0.0949497940414711	0.265271508984924	0.15830107147753	0.0478563286358393	1.87130483060903e-06
"TCGA.HZ.8003.01"	0.0975397428733927	0.0630762663102398	1.29546079717262e-14	0.0525254538667516	0.0343252780744605
"TCGA.HZ.8005.01"	0.18089611105124	9.89704998612446e-15	0.0481749352859871	9.89704998612446e-15	0.0473029448076241
"TCGA.HZ.8315.01"	0.148233310180376	0.0714582704077242	1.7297294166513e-14	0.0698178196651258	0.0871204700657646
"TCGA.HZ.8519.01"	0.0756865881243187	0.033308961764827	0.182012315567783	0.151023069479295	0.263631078512144
"TCGA.HZ.8636.01"	0.00131254041406545	0.168310897232446	0.0159497278676139	0.0209470066018509	0.0322367912963096
"TCGA.HZ.8637.01"	0.448303810923335	0.0434658140507805	2.82118850495855e-11	0.0490692983085259	0.0716336031007115
"TCGA.HZ.A49G.01"	0.0572223125416722	0.15771740998084	0.0394739274732327	0.110000361970176	0.052060539281638
"TCGA.HZ.A49H.01"	0.130252725812204	0.14514106613925	0.233548644826436	0.208610395284863	0.151938696218023
"TCGA.HZ.A77P.01"	0.0727355671032376	0.261453964159035	0.129488731430565	0.0970286361602349	0.183903999887134
"TCGA.HZ.A77Q.01"	0.136089794233063	0.0513348382914765	0.461889056963512	0.00295912385084433	0.0123624413125394
"TCGA.IB.7645.01"	0.248435762519117	0.113525216226335	0.314964375797537	0.0145629148449738	0.0256929889150329
"TCGA.IB.7646.01"	0.100537721941314	1.02158799234219e-14	0.0306229193971246	0.0782776032091168	0.0584524725423453
"TCGA.IB.7647.01"	0.0576902059122603	0.166654082582405	0.020367195351709	0.043316182381933	0.238980650561911
"TCGA.IB.7649.01"	0.140974573060592	0.279824292833802	1.02114968197023e-14	0.0526589378025387	0.0100507665609403
"TCGA.IB.7651.01"	0.29449493811992	0.0733042651688627	0.0118938159075199	0.024238983140409	0.137756275105726
"TCGA.IB.7654.01"	1.5393187951202e-14	0.0177762122876235	0.00242487943248142	0.0606650515119671	0.194000512306238
"TCGA.IB.7885.01"	0.101591798630345	0.0425164777114685	0.105987992177189	0.00741233050478968	0.0249906832316654
"TCGA.IB.7886.01"	0.128208622398087	1.69858693481459e-14	0.00548634798247636	0.0201722528678529	0.00230848275326591
"TCGA.IB.7887.01"	0.117029593929055	1.25052423121081e-14	0.00117392219312727	0.00978733439816058	0.113547688747104
"TCGA.IB.7888.01"	0.171620690756192	0.0440758934683446	0.231169656740237	0.0263658187389327	0.0509447056183889
"TCGA.IB.7890.01"	1.37183651796319e-14	0.00781367169553821	0.0693314874273746	1.37183651796319e-14	0.0975330512996288
"TCGA.IB.7891.01"	0.033880317735743	0.165201486390653	0.0583494815184739	0.03841841275099	0.02207031793425
"TCGA.IB.7893.01"	0.0215753575837136	1.22497835404558e-14	0.212700999465012	1.22497835404558e-14	6.49486734165104e-05
"TCGA.IB.7897.01"	0.127786213646278	0.0712383076044665	0.19896093468457	7.88866018989543e-15	0.138857192361405
"TCGA.IB.8126.01"	0.0616804840034204	0.0734050109563331	0.0416949483324852	0.0477636588736276	0.0429044794458565
"TCGA.IB.8127.01"	0.0680854525353946	0.0806252559308633	1.37281689523481e-14	0.0771396880218549	0.000174798416748838
"TCGA.IB.A5SO.01"	0.0808443463505341	1.70749798457727e-14	0.268232264259476	0.110386342449225	0.110919496869888
"TCGA.IB.A5SQ.01"	0.0153851212633386	0.133944584666612	0.109609649262541	0.116510919843988	0.188817992570591
"TCGA.IB.A5SS.01"	0.0863024193280868	1.12519400987484e-14	0.0760791057213832	1.12519400987484e-14	0.0572802964454075
"TCGA.IB.A5ST.01"	0.211917131992414	0.232149150421822	0.257926904150719	0.146898126433892	0.0337566777066506
"TCGA.IB.AAUP.01"	0.299085460531229	0.0485060135595057	0.285781791773525	0.0447972439964364	0.102315539479156
"TCGA.IB.AAUQ.01"	0.00508762149682798	0.0541322556917799	0.00184075406928222	0.191660654346331	0.0977563526371318
"TCGA.IB.AAUR.01"	0.267542944211035	0.0441407514217376	0.406511600390148	0.0532992308079018	0.0270572797181132
"TCGA.IB.AAUS.01"	0.335183850119057	0.0534641889333848	0.292735046400419	0.0520560644455333	8.99900133389679e-15
"TCGA.IB.AAUT.01"	0.17693974259242	0.244177619951469	0.049303289270979	0.164218672849746	0.0275190689394097
"TCGA.IB.AAUV.01"	0.0691571607342546	0.150292659754702	0.457545862334379	0.0853338318584166	0.0431682900312089
"TCGA.M8.A5N4.01"	0.0402103234485611	1.12240000798663e-14	1.12240000798663e-14	0.0744270567240436	0.0357481047484334
"TCGA.PZ.A5RE.01"	0.161337195338317	0.109386767093364	1.06779262531005e-14	0.031857734088661	0.0704370194837035
"TCGA.Q3.A5QY.01"	0.293669867891406	0.128018438127837	0.0835018534232432	0.236899586696267	0.0204197048420269
"TCGA.RB.A7B8.01"	0.10051865442754	1.13098955754877e-14	1.13098955754877e-14	0.181887997088472	0.0346001183765456
"TCGA.RL.AAAS.01"	0.156230680661671	0.0678379495956794	0.332279664502035	0.155660527909518	0.0851242916564842
"TCGA.US.A774.01"	0.168343993678995	0.0626140594028382	0.0248682513695968	0.0458710021172839	0.0348349653958672
"TCGA.US.A77E.01"	1.16055667112001e-14	1.16055667112001e-14	0.00968722622667938	0.132287971182211	0.0345045982242268
"TCGA.US.A77J.01"	0.192247914274254	0.128747607684303	0.22393044728496	0.228276921576418	0.0551923181323228
"TCGA.XD.AAUG.01"	1.00102473856818e-14	0.0689555065336522	0.390991522990348	0.206738095213927	0.0825724783710485
"TCGA.XD.AAUH.01"	0.0910410410439598	0.0938971893728017	0.287455802898316	0.122779882929703	0.163118043728689
"TCGA.XD.AAUL.01"	1.1660222274476e-14	0.042292667990684	1.1660222274476e-14	0.105708825532917	0.0318131403435664
"TCGA.XN.A8T3.01"	0.0504987871439883	0.0624094933582728	1.02021422682715e-14	0.273439636034688	0.0572338339746226
"TCGA.XN.A8T5.01"	0.159271359550338	0.0266818251059011	0.281127738173901	0.0651891942015375	0.207332841251295
"TCGA.YB.A89D.01"	1.4994435768788e-14	0.193881530224953	0.0989911501239101	0.106216816166695	0.0825134930885812
"TCGA.YH.A8SY.01"	0.000121546525704688	1.28628033266008e-14	0.125791544987535	0.0280458241128333	0.0657266291425618
