"ID"	"S01"	"S02"	"S03"	"S04"	"S05"
"TCGA.2J.AAB1.01"	0.40351620573167	1.5960138149653e-14	0.330199038862041	1.5960138149653e-14	1.5960138149653e-14
"TCGA.2J.AAB4.01"	0.0893599037894096	1.94913745308497e-09	0.46151865086792	1.47932820027642e-14	1.47932820027642e-14
"TCGA.2J.AABF.01"	0.247785114153399	2.28546423923209e-07	0.170323775031973	1.05189664984515e-14	1.05189664984515e-14
"TCGA.2J.AABH.01"	1.58969669601306e-14	1.58969669601306e-14	0.133563171162521	0.420573152080978	2.3680212665401e-08
"TCGA.2J.AABI.01"	0.116790147579595	7.2607205236548e-15	0.0283372037042622	0.229103588035268	7.2607205236548e-15
"TCGA.2J.AABK.01"	7.85643475099338e-08	0.124727616333876	0.0473378495597174	0.325397945450318	1.05409686972888e-14
"TCGA.2J.AABR.01"	0.218595558952989	0.157148643666078	0.242403417682156	9.2225242473277e-15	9.2225242473277e-15
"TCGA.2J.AABV.01"	1.3851776109601e-14	0.13486390672622	1.3851776109601e-14	0.347618625973414	1.3851776109601e-14
"TCGA.2L.AAQA.01"	1.53626732745548e-14	1.53626732745548e-14	0.0554585294847986	1.53626732745548e-14	1.53626732745548e-14
"TCGA.2L.AAQE.01"	0.0411908963092787	5.29611488840248e-15	0.00610803525897534	0.140699339972224	7.77691935963766e-14
"TCGA.2L.AAQI.01"	1.41836733797302e-14	0.131332219617325	0.160363873413899	1.41836733797302e-14	0.152850492893232
"TCGA.2L.AAQJ.01"	0.173232858129906	1.93507006776767e-14	0.0562943248007223	1.93507006776767e-14	1.93507006776767e-14
"TCGA.2L.AAQL.01"	0.242988951637185	8.52197691343235e-15	0.0833060305479517	0.409948037215303	8.52197691343235e-15
"TCGA.2L.AAQM.01"	0.0300802781322621	0.0181708341241439	0.0535074256048162	1.07270789667392e-14	1.07270789667392e-14
"TCGA.3A.A9I5.01"	0.061349918166726	0.0225231128852539	0.00455454287487449	0.200036452956647	3.89644236785471e-15
"TCGA.3A.A9I9.01"	1.02147088136646e-14	0.197390509846344	0.0262093582566112	0.303105972619512	1.82814116545027e-13
"TCGA.3A.A9IH.01"	0.0123047508984879	0.301048781465678	0.0506889644311016	2.29124719998627e-14	0.0349508420747658
"TCGA.3A.A9IJ.01"	7.14548550866559e-15	7.14548550866559e-15	0.0725497972198099	7.14548550866559e-15	7.14548550866559e-15
"TCGA.3A.A9IL.01"	8.13594168891147e-15	0.0208657770552067	0.139896735667077	8.13594168891147e-15	8.13594168891147e-15
"TCGA.3A.A9IO.01"	1.08300480644793e-14	1.08300480644793e-14	1.08300480644793e-14	1.08300480644793e-14	1.08300480644793e-14
"TCGA.3A.A9IR.01"	9.04753289838475e-15	9.04753289838475e-15	9.04753289838475e-15	9.04753289838475e-15	9.04753289838475e-15
"TCGA.3A.A9IS.01"	7.05717196039942e-15	7.05717196039942e-15	7.05717196039942e-15	7.05717196039942e-15	7.05717196039942e-15
"TCGA.3A.A9IU.01"	1.32829489600055e-14	0.117498835790831	0.107058102878108	1.32829489600055e-14	1.32829489600055e-14
"TCGA.3A.A9IZ.01"	1.5142032090256e-14	2.07249745203369e-08	0.129590144490745	2.28572172773534e-12	1.5142032090256e-14
"TCGA.3E.AAAY.01"	0.198985548049039	9.92105840536242e-15	0.27156678659303	0.245263489144436	9.92105840536242e-15
"TCGA.F2.6879.01"	1.18369165723463e-14	0.0190372117163519	0.186817439428563	1.18369165723463e-14	1.18369165723463e-14
"TCGA.F2.6880.01"	1.24424818540185e-14	1.24424818540185e-14	1.24424818540185e-14	0.0625915747390864	1.24424818540185e-14
"TCGA.F2.A7TX.01"	0.35624420338309	0.098539705148502	9.62802707094621e-15	9.62802707094621e-15	9.62802707094621e-15
"TCGA.F2.A8YN.01"	6.11400011301382e-15	6.11400011301382e-15	0.020125933882482	0.0201957153697253	6.11400011301382e-15
"TCGA.FB.A4P6.01"	0.116893644674583	0.166065699582296	0.12761250534003	6.01965365066439e-15	6.01965365066439e-15
"TCGA.FB.A5VM.01"	0.281988480710586	7.37491214213302e-15	7.37491214213302e-15	0.197311817206289	7.37491214213302e-15
"TCGA.FB.A78T.01"	0.333514858284152	0.0136006135140522	0.0882578621938192	0.0232903432056727	1.59850245094913e-14
"TCGA.FB.AAPP.01"	9.73221287634688e-15	9.73221287634688e-15	9.73221287634688e-15	0.0996821079347697	0.000289607282273098
"TCGA.FB.AAPQ.01"	1.83791024698489e-14	1.83791024698489e-14	0.246488989288475	1.83791024698489e-14	1.83791024698489e-14
"TCGA.FB.AAPU.01"	1.16718379987732e-14	1.16718379987732e-14	1.16718379987732e-14	0.23231879221402	0.0722327315597026
"TCGA.FB.AAPY.01"	0.339000902807525	1.25766457525754e-14	0.0963376633505384	0.0930771430502795	1.25766457525754e-14
"TCGA.FB.AAPZ.01"	0.255840625706584	6.36409516412607e-07	0.162925461735752	0.0297166473949626	1.44545781394625e-14
"TCGA.FB.AAQ0.01"	7.60600668862824e-15	7.60600668862824e-15	7.60600668862824e-15	7.60600668862824e-15	0.518429006778374
"TCGA.FB.AAQ1.01"	8.97539284154292e-15	0.175001161101714	0.100553334857112	0.275932356210518	8.97539284154292e-15
"TCGA.FB.AAQ2.01"	1.08984693032723e-14	0.0836926850275293	2.94881841452398e-14	0.0489566387695844	1.08984693032723e-14
"TCGA.FB.AAQ3.01"	1.02626442512136e-14	1.02626442512136e-14	0.0260739352098081	0.297439552992468	1.02626442512136e-14
"TCGA.FB.AAQ6.01"	1.95881422461125e-14	1.95881422461125e-14	1.95881422461125e-14	1.95881422461125e-14	0.0806416771989982
"TCGA.H8.A6C1.01"	0.147518588251114	1.22989324097758e-14	0.233960125704569	1.22989324097758e-14	1.22989324097758e-14
"TCGA.HV.A5A3.01"	1.71633944943868e-14	1.71633944943868e-14	0.0565245715060291	0.026850506998835	1.71633944943868e-14
"TCGA.HV.A5A5.01"	0.17715109746667	0.443854092589047	0.108361960576528	1.08889799782214e-14	1.08889799782214e-14
"TCGA.HV.A5A6.01"	1.01921547762952e-14	1.01921547762952e-14	0.0741224463012617	1.01921547762952e-14	0.24567147282679
"TCGA.HV.A7OL.01"	0.20918848860807	5.98202909124371e-15	5.98202909124371e-15	0.280189807764701	0.261840399680265
"TCGA.HV.A7OP.01"	8.2015334403925e-15	0.0471617535660612	8.2015334403925e-15	0.202955908647238	8.2015334403925e-15
"TCGA.HV.AA8X.01"	2.22486696633814e-14	1.39223598780763e-06	2.22486696633814e-14	2.22486696633814e-14	2.22486696633814e-14
"TCGA.HZ.7289.01"	9.35775807242661e-15	9.35775807242661e-15	9.35775807242661e-15	0.0079203857475562	4.4706736473255e-09
"TCGA.HZ.7919.01"	0.12536585583092	1.70709133250176e-14	0.207270504360184	1.70709133250176e-14	1.70709133250176e-14
"TCGA.HZ.7924.01"	0.386603085475361	0.0526360502316207	7.95745616855309e-15	7.95745616855309e-15	7.95745616855309e-15
"TCGA.HZ.7926.01"	0.0807126351766947	0.201391841565283	0.045046512604061	5.28434287570286e-15	5.28434287570286e-15
"TCGA.HZ.8317.01"	8.53727188272199e-15	0.101083707838246	0.148831767787044	8.53727188272199e-15	8.53727188272199e-15
"TCGA.HZ.8638.01"	0.100729513418168	0.139269805605929	0.0977559190279137	9.04082712380221e-15	9.04082712380221e-15
"TCGA.HZ.A49I.01"	0.323438134567267	1.22870880847519e-14	0.176057254712162	5.39491500873979e-07	1.22870880847519e-14
"TCGA.HZ.A4BH.01"	0.201565186643282	8.4446822535279e-15	0.0889254814394525	8.4446822535279e-15	8.4446822535279e-15
"TCGA.HZ.A4BK.01"	0.251306659890542	0.200104785537842	0.067389841561925	8.97891274700615e-15	8.97891274700615e-15
"TCGA.HZ.A77O.01"	1.54905299386725e-14	0.266278268910354	1.54905299386725e-14	0.216126319684504	1.54905299386725e-14
"TCGA.HZ.A8P0.01"	0.12225640932822	1.46654176734222e-14	0.266999894412212	0.178521318246828	1.46654176734222e-14
"TCGA.HZ.A8P1.01"	1.25978571264116e-14	1.25978571264116e-14	0.014304741315386	1.25978571264116e-14	0.512451747989966
"TCGA.HZ.A9TJ.01"	2.37485988926813e-14	2.37485988926813e-14	0.0999852582800023	0.301495727067688	0.000227759724532637
"TCGA.HZ.A9TJ.06"	5.42956061871383e-15	5.42956061871383e-15	0.0669455837805165	5.42956061871383e-15	5.42956061871383e-15
"TCGA.IB.7644.01"	0.277500720487726	1.53543732904904e-14	0.139769531222769	1.53543732904904e-14	0.00306445125311666
"TCGA.IB.7652.01"	9.43336088091141e-10	0.415102766111494	0.236646660787316	9.21427803248647e-15	9.21427803248647e-15
"TCGA.IB.7889.01"	0.325728935881808	0.243130504875299	0.0192193579039237	0.026353230663705	1.16279937077496e-14
"TCGA.IB.A5SP.01"	0.0776559035671315	7.61798380192653e-15	7.61798380192653e-15	7.61798380192653e-15	0.584022937772649
"TCGA.IB.A6UF.01"	1.03231193236833e-14	0.212694312043306	0.0367368457426853	0.169222046671019	1.03231193236833e-14
"TCGA.IB.A6UG.01"	0.00814880111263795	0.0533382728084795	0.00410617798089855	0.718785832463248	8.96437703377547e-15
"TCGA.IB.A7LX.01"	1.58642335244485e-14	1.58642335244485e-14	0.00736396832955498	0.188962693242267	1.58642335244485e-14
"TCGA.IB.A7M4.01"	0.431730327600224	1.82039859599943e-14	1.82039859599943e-14	2.63611259344443e-12	1.82039859599943e-14
"TCGA.IB.AAUM.01"	0.183428456343614	0.132631805322635	1.92953229366367e-14	0.00148252152058241	1.92953229366367e-14
"TCGA.IB.AAUN.01"	1.6459634561227e-14	5.37187437137271e-07	0.138257573569705	1.6459634561227e-14	1.6459634561227e-14
"TCGA.IB.AAUO.01"	0.310839036796832	1.0823267451845e-14	0.0534307594159152	0.0912533861086734	1.0823267451845e-14
"TCGA.IB.AAUU.01"	0.249409655136634	0.0372964198829584	3.62724427069423e-09	1.52686132873962e-14	1.52686132873962e-14
"TCGA.IB.AAUW.01"	0.117465375695123	0.117811744048667	0.371776210344829	9.60534478525424e-15	9.60534478525424e-15
"TCGA.L1.A7W4.01"	1.03368645901244e-14	1.03368645901244e-14	0.0557849334789983	0.18746524624653	1.03368645901244e-14
"TCGA.LB.A7SX.01"	5.8365966817109e-15	0.0087556592019602	5.8365966817109e-15	0.314347374607382	5.8365966817109e-15
"TCGA.LB.A8F3.01"	1.17548337087745e-14	0.0710850382064356	0.0803400419317134	0.153297637234088	1.17548337087745e-14
"TCGA.LB.A9Q5.01"	1.68082149021824e-14	0.284146384886462	0.00663141335526763	0.180866655379098	1.68082149021824e-14
"TCGA.OE.A75W.01"	0.107390983109892	9.04462357643763e-15	9.04462357643763e-15	0.205705282469463	9.04462357643763e-15
"TCGA.Q3.AA2A.01"	0.0408699664924432	9.37436682225758e-15	9.37436682225758e-15	0.410245255769626	9.37436682225758e-15
"TCGA.RB.AA9M.01"	0.0437170999464203	0.152813251204495	0.163683235251521	1.1154118251677e-14	1.1154118251677e-14
"TCGA.S4.A8RM.01"	0.181174106377362	1.57539978973072e-14	0.0490246116954472	1.57539978973072e-14	1.57539978973072e-14
"TCGA.S4.A8RO.01"	1.67603760752127e-14	1.67603760752127e-14	1.67603760752127e-14	1.67603760752127e-14	0.136256124291579
"TCGA.S4.A8RP.01"	0.00933093847731451	1.54498730236625e-14	0.312670982676329	1.54498730236625e-14	1.54498730236625e-14
"TCGA.US.A776.01"	7.84928275864241e-15	7.84928275864241e-15	7.84928275864241e-15	7.84928275864241e-15	7.84928275864241e-15
"TCGA.US.A779.01"	6.08711716558547e-15	0.0274537905431418	0.00288551450878461	0.249928218535966	0.0875334470395624
"TCGA.US.A77G.01"	1.00807942293706e-14	1.00807942293706e-14	1.00807942293706e-14	0.0429320594121084	0.339135976530909
"TCGA.XD.AAUI.01"	0.25336831005426	1.35480875844198e-14	0.134005914784698	1.35480875844198e-14	1.3945316169099e-11
"TCGA.YY.A8LH.01"	0.0410637287058981	1.44246277605645e-14	1.44246277605645e-14	0.115275391529748	4.95395530874907e-08
"TCGA.Z5.AAPL.01"	0.64786512593212	0.00573482356734509	0.00171252213253181	6.34422214891055e-15	0.293134845856542
