"ID"	"S01"	"S02"	"S03"	"S04"	"S05"
"TCGA.2J.AAB1.01"	0.216229436533608	0.355819480407752	0.357171516684458	0.0124509732400523	0.0443166284129495
"TCGA.2J.AAB4.01"	0.108075349112362	0.241296675085943	0.216614861905473	0.275117777251554	0.15484214198211
"TCGA.2J.AABF.01"	0.170052112416508	0.230054751155999	0.331017942961942	0.101932531785143	0.166942661680396
"TCGA.2J.AABH.01"	0.0204972250518962	0.34802104316601	0.0908123248899159	0.251975442271504	0.112303640431266
"TCGA.2J.AABI.01"	1.00163650770656e-14	0.333195874955628	0.175396337802992	0.0257784871430132	1.00163650770656e-14
"TCGA.2J.AABK.01"	0.146945382401443	1.28424531221072e-14	0.145395570065033	0.538609332068032	0.145842320461373
"TCGA.2J.AABR.01"	0.270973516891817	0.136824954264414	0.293129440105638	1.38332490244504e-12	0.299072088736738
"TCGA.2J.AABV.01"	0.0643157395699796	9.43949594171173e-15	9.43949594171173e-15	9.43949594171173e-15	0.0846355183406063
"TCGA.2L.AAQA.01"	1.47818102433965e-14	0.405460028985333	1.47818102433965e-14	0.0783770659581639	0.0732102015357608
"TCGA.2L.AAQE.01"	0.0632182457609842	0.324473855504668	0.107581743059651	1.11840324006777e-14	0.358288788051485
"TCGA.2L.AAQI.01"	0.174702212838788	0.461907250379743	1.36439314848562e-14	0.17741299486705	0.175443766892031
"TCGA.2L.AAQJ.01"	0.0499204496628996	0.500066744329402	0.268657237821842	4.39959517784844e-07	0.0797232866430141
"TCGA.2L.AAQL.01"	0.23157454373879	0.0640648118635134	0.38169965534806	0.0648828285194736	0.192619177860609
"TCGA.2L.AAQM.01"	0.0925531924648872	6.81577224187356e-15	0.0177340923164983	0.525659397018209	0.195476566869183
"TCGA.3A.A9I5.01"	0.096320923244475	9.98057115942462e-15	0.138634643166712	0.126531507699928	0.496983933845828
"TCGA.3A.A9I9.01"	0.16612343767171	1.51732972041961e-14	0.259504966762525	0.319079473891186	0.153487672591236
"TCGA.3A.A9IH.01"	0.166380778840072	0.441775032359581	1.66574990288869e-14	0.111344530870895	0.152807040224328
"TCGA.3A.A9IJ.01"	0.102461470279405	5.55522326281182e-15	5.55522326281182e-15	0.398263700115392	0.315195184804131
"TCGA.3A.A9IL.01"	0.234699044021588	6.91566747321378e-15	0.0934874247726544	0.411778137806591	0.201038909932774
"TCGA.3A.A9IO.01"	0.214798205290345	0.0167289198688963	6.00814091492226e-15	0.660724633692677	0.0069642715288751
"TCGA.3A.A9IR.01"	0.0511157288715256	6.92771412832352e-15	6.92771412832352e-15	0.554651682856635	0.0478962096231261
"TCGA.3A.A9IS.01"	0.0357717285783637	5.54120389290162e-15	5.54120389290162e-15	0.627364953741177	0.0495848767976689
"TCGA.3A.A9IU.01"	7.41384281487658e-12	0.589629898469705	1.53678170285458e-09	0.00125245488525592	0.122274834464358
"TCGA.3A.A9IZ.01"	1.3693599604234e-14	0.447546815803681	1.3693599604234e-14	1.3693599604234e-14	0.110842782019068
"TCGA.3E.AAAY.01"	0.437133789612719	0.0487909986672641	0.400369572106628	0.0177444897711885	0.0959611498421911
"TCGA.F2.6879.01"	1.56235395577622e-07	0.679509071907672	1.10602395579558e-14	0.0725680182931994	1.10602395579558e-14
"TCGA.F2.6880.01"	0.123756177166403	9.01674764434974e-15	9.01674764434974e-15	0.0820508291126893	0.0598211034982697
"TCGA.F2.A7TX.01"	0.11223074929844	0.532639782674722	0.182762170077499	2.9493776318012e-12	0.0662450735152031
"TCGA.F2.A8YN.01"	1.23046065648828e-14	0.357263303528961	0.00534445289429336	1.23046065648828e-14	0.464097815838359
"TCGA.FB.A4P6.01"	0.403536064661884	8.72004797845606e-15	0.267221935717557	0.145196542463084	0.184045457157458
"TCGA.FB.A5VM.01"	0.253593515793632	0.162748622645974	0.31096346503749	8.94842939186726e-15	0.0794474255665274
"TCGA.FB.A78T.01"	0.0201629983530466	1.5913025021973e-14	0.373567492879047	0.286850993064757	0.156964575105579
"TCGA.FB.AAPP.01"	0.0189145482220142	8.49646806667733e-15	8.49646806667733e-15	0.161290822030986	0.0233411618547032
"TCGA.FB.AAPQ.01"	0.0801731889595175	0.308580031410361	1.45841263186068e-14	0.0612580428279858	0.109680690412796
"TCGA.FB.AAPU.01"	1.35092939256912e-14	0.0699719441705832	0.0293814310480058	0.12402902075542	0.0774708820079288
"TCGA.FB.AAPY.01"	0.0494699820532681	0.0949078932122091	0.564220865337075	0.0331268929623579	0.258274366435078
"TCGA.FB.AAPZ.01"	0.330756514041962	0.424031247228175	0.197799842363405	1.47950882446997e-14	0.0461056809644519
"TCGA.FB.AAQ0.01"	0.0207322741962643	0.0812031411143844	1.39224301407794e-14	0.069757817662172	0.0355621310380978
"TCGA.FB.AAQ1.01"	0.0678675548143366	0.104426215321294	0.3256375585183	0.148297446637718	0.199038328949098
"TCGA.FB.AAQ2.01"	0.0977793764042357	0.301365408296579	0.006111755106278	0.160893790860063	0.0215377752805387
"TCGA.FB.AAQ3.01"	0.0261470969881988	0.155295341404268	0.0766262695049318	1.12673048468402e-14	0.432971282312298
"TCGA.FB.AAQ6.01"	0.0125413375557053	0.060947601859624	1.86359921206188e-14	0.255171887376953	0.10326057702335
"TCGA.H8.A6C1.01"	0.0503726490545983	0.283104288960435	0.225225966742192	0.0731476441662832	0.362697136145173
"TCGA.HV.A5A3.01"	1.35184049647528e-14	0.205206617031718	1.81801717035615e-09	0.222598047401278	0.0590118206476633
"TCGA.HV.A5A5.01"	0.216972841117142	0.153583717850248	0.290224339280309	0.141342477858664	0.197876623893625
"TCGA.HV.A5A6.01"	0.0192117618081996	0.459966203848009	1.25508433749379e-14	0.0355306117690222	0.0604187601292279
"TCGA.HV.A7OL.01"	0.0279928676825481	1.17434481255511e-14	0.346913378829511	1.17434481255511e-14	0.0398712781184472
"TCGA.HV.A7OP.01"	6.5191739353204e-15	6.5191739353204e-15	6.5191739353204e-15	0.052496685812785	0.240566792335534
"TCGA.HV.AA8X.01"	9.03737360868083e-10	0.0858445300397386	1.600297220773e-14	0.267242567430004	0.0707285414665889
"TCGA.HZ.7289.01"	2.30499688051275e-13	0.0660544887707986	8.02176310051984e-15	0.161707131469471	0.0249991695695852
"TCGA.HZ.7919.01"	0.151025380139713	0.636153286163636	0.090288802956408	0.0319858853366992	0.0676157982532077
"TCGA.HZ.7924.01"	0.375387227856685	0.190064285484159	0.0745895516421138	0.0769792969669298	0.262733080097396
"TCGA.HZ.7926.01"	0.105275902169816	0.399292625204488	0.327047656825758	0.0136466312449988	0.126734030664428
"TCGA.HZ.8317.01"	0.494163586673358	0.111524629670327	0.0464427157730185	7.80797289136497e-15	0.347869067883281
"TCGA.HZ.8638.01"	0.382541361453394	0.124265455942143	0.0569966356352768	0.114384803360695	0.300161756243694
"TCGA.HZ.A49I.01"	0.0513518324914189	0.473055798964391	0.390439822057058	0.040060374395338	0.0450895615331231
"TCGA.HZ.A4BH.01"	0.321762597782006	0.311080279960897	0.245238607935545	0.0574104345219532	0.0645080797995904
"TCGA.HZ.A4BK.01"	0.234535093115798	0.140564373307476	0.339803700533318	0.112921947946959	0.172174860733177
"TCGA.HZ.A77O.01"	1.60202552452351e-14	0.244259015800933	0.0254214276508776	0.0546721416102832	0.181640489475217
"TCGA.HZ.A8P0.01"	0.110056846115947	0.353767614794373	0.221473943926779	0.0856706790033607	0.229030916159518
"TCGA.HZ.A8P1.01"	0.0260751244441126	1.6240614029624e-14	0.0315339032683603	0.244395096003995	0.16278714974103
"TCGA.HZ.A9TJ.01"	0.0358825159660826	0.318688929089959	0.00809319908977549	0.159198376594847	0.0737206712498544
"TCGA.HZ.A9TJ.06"	0.0726311713539152	0.216513072375872	0.0596379609631847	0.522635243205874	0.0231046945812604
"TCGA.IB.7644.01"	0.0907012448203597	0.706091042326614	0.0231702856140245	1.00283637411032e-14	0.146569404428684
"TCGA.IB.7652.01"	0.152024174641415	0.534344105926576	0.163260126936916	0.0879652792100298	0.0624063132850526
"TCGA.IB.7889.01"	0.221463133526244	0.282942139851183	0.275786565534784	1.33361347058787e-14	0.089898009023769
"TCGA.IB.A5SP.01"	0.00659530613047301	1.31058739683132e-14	0.0220147188595436	0.297718957620096	0.279983837958118
"TCGA.IB.A6UF.01"	0.0487049815954082	0.362228430506122	0.00212947012034793	1.59962390325366e-14	0.193078539001667
"TCGA.IB.A6UG.01"	0.0866219172559178	3.36548797219891e-14	0.194444132443778	0.183902360057331	0.16833816667659
"TCGA.IB.A7LX.01"	0.0390781008904201	0.359963065839461	1.07874721247063e-14	0.0871479862414686	0.217415413406825
"TCGA.IB.A7M4.01"	0.0207712803709725	0.356843381682436	0.109913222359148	0.142190811648286	0.0208744694883371
"TCGA.IB.AAUM.01"	0.281527246547973	1.37190985751413e-14	0.0998557624413477	0.313364662422563	0.113519996062343
"TCGA.IB.AAUN.01"	0.106890333205202	0.432131062982765	0.033161282210547	0.175816487553364	0.220340294282492
"TCGA.IB.AAUO.01"	1.27888315502869e-14	0.0989762612399572	0.121718888306225	0.0578413811785937	0.398864211567634
"TCGA.IB.AAUU.01"	0.0218419732356544	0.260464332133768	0.221555192547763	0.3479812402853	0.061409765071866
"TCGA.IB.AAUW.01"	0.505836160760448	7.14496380519665e-15	0.140166316980398	0.0461460203587296	0.307851501900411
"TCGA.L1.A7W4.01"	1.53450431149241e-12	0.52345722428783	9.51668538304028e-15	0.133991028062029	9.51668538304028e-15
"TCGA.LB.A7SX.01"	0.0425913105967448	8.79587706923464e-09	0.135648730122902	0.298026711639084	0.396196220863756
"TCGA.LB.A8F3.01"	1.40981347361473e-10	0.040456479645617	1.07567188636764e-14	0.0884575405206965	0.445396240009592
"TCGA.LB.A9Q5.01"	0.16097961242078	0.177546786975409	0.190527077354597	1.4451363086646e-14	0.0991519953876355
"TCGA.OE.A75W.01"	1.28950397077476e-14	0.170893989030556	0.146347220455878	1.28950397077476e-14	0.391543322361314
"TCGA.Q3.AA2A.01"	1.12585365908489e-14	0.389040588683688	0.137674853864236	0.0682765397074494	0.203097048289294
"TCGA.RB.AA9M.01"	0.354849520120543	0.145831165755592	0.170483904483086	0.203002564436266	0.125832845204502
"TCGA.S4.A8RM.01"	0.160234530486749	0.284927290946137	0.0686608081940927	0.185817507549388	0.12695953745901
"TCGA.S4.A8RO.01"	0.00670429701564339	0.474159586866385	1.55365850258775e-14	0.183123373189087	0.0762071941554082
"TCGA.S4.A8RP.01"	0.310690538831454	0.0993242425205298	0.230575751129806	0.234318688872381	0.125090778645817
"TCGA.US.A776.01"	0.0341167975400352	9.57927015317039e-15	9.57927015317039e-15	0.151716705112165	0.229781757781932
"TCGA.US.A779.01"	1.06697750784471e-14	1.06697750784471e-14	0.0343748105406338	0.35842744329412	0.439558689275035
"TCGA.US.A77G.01"	0.0453654191133236	1.31108352096016e-14	1.31108352096016e-14	0.305547428826885	0.313920801414367
"TCGA.XD.AAUI.01"	0.290148413386684	0.195617445323673	0.262473114496931	0.0533257473896129	0.198435279403087
"TCGA.YY.A8LH.01"	1.41864741020646e-14	1.41864741020646e-14	0.0194683660562073	0.357035962500793	0.0678176314617435
"TCGA.Z5.AAPL.01"	0.166104957230181	0.292749086398911	0.515397254906363	7.14008117992369e-15	7.14008117992369e-15
