"ID"	"S01"	"S02"	"S03"	"S04"	"S05"	"S06"
"TCGA.2J.AAB1.01"	0.137238132890058	0.231001629666497	0.19132444041481	0.0434736182024234	0.396962178826168	1.45183172717556e-14
"TCGA.2J.AAB4.01"	0.112583965760954	0.1957324391054	0.265593575592051	0.193144093007325	0.232945926534229	1.37893977271042e-14
"TCGA.2J.AABF.01"	0.0719139964908703	0.195796754988118	0.216590597789344	0.281806919614435	0.193798634556283	0.0400930965609213
"TCGA.2J.AABH.01"	0.223044470662483	0.0272601791432848	0.284385263295086	0.125833167151484	0.285585710902117	0.0412490483116528
"TCGA.2J.AABI.01"	0.146413596983627	8.5827539175873e-15	0.341732655245615	0.273527476011668	8.5827539175873e-15	6.62603418963553e-06
"TCGA.2J.AABK.01"	0.288533728490431	0.250487976483455	1.27431454421804e-14	1.27431454421804e-14	0.388496984644833	0.064423671131767
"TCGA.2J.AABR.01"	0.165013053795489	0.454621782422434	0.244767814111386	0.0435311960366907	0.0920661536339667	1.12827414093324e-14
"TCGA.2J.AABV.01"	6.14957490600249e-15	6.14957490600249e-15	6.14957490600249e-15	6.14957490600249e-15	6.14957490600249e-15	6.14957490600249e-15
"TCGA.2L.AAQA.01"	0.363095348835598	1.50057479056594e-11	0.321455259315552	1.3214364029798e-14	0.199884375163837	1.3214364029798e-14
"TCGA.2L.AAQE.01"	0.155228392379244	1.28820519300516e-14	0.29941854464155	0.171955054452628	0.0525691158023716	2.87148478915528e-08
"TCGA.2L.AAQI.01"	0.20317791547705	0.0143183773601959	0.128348733867539	0.181844842838315	0.406707955381781	0.0656021750735371
"TCGA.2L.AAQJ.01"	0.202471822373961	0.119939747027393	0.256459366302376	0.111794264636411	0.302849402321476	1.55280349590661e-14
"TCGA.2L.AAQL.01"	0.146592275421094	0.206323893970181	1.9137067019967e-09	0.113799664047932	0.257058789274529	0.0507921892811338
"TCGA.2L.AAQM.01"	5.79554888231228e-15	0.0858047727100686	5.79554888231228e-15	0.0113287121406925	0.0253340932772533	0.452284174367145
"TCGA.3A.A9I5.01"	0.121785745878427	0.0576512401995302	1.03776295575727e-14	0.164523142547798	0.0456777318274275	0.308176668178382
"TCGA.3A.A9I9.01"	0.0965305023240729	0.101256811613263	0.0817563494924278	2.63701919069437e-09	0.115114364813981	0.136014895991556
"TCGA.3A.A9IH.01"	0.281387207749314	1.62431082776165e-14	0.338362153485608	0.0748615646279837	0.165798131741436	4.90106823010016e-07
"TCGA.3A.A9IJ.01"	4.647249410932e-15	0.0528590781171207	4.647249410932e-15	4.647249410932e-15	4.647249410932e-15	0.472668306499412
"TCGA.3A.A9IL.01"	7.62487944589646e-15	0.100232967361127	7.62487944589646e-15	7.62487944589646e-15	7.62487944589646e-15	0.455521924917464
"TCGA.3A.A9IO.01"	5.37529955023091e-15	0.0222279466423009	5.37529955023091e-15	5.37529955023091e-15	5.37529955023091e-15	0.418448448135813
"TCGA.3A.A9IR.01"	4.61202830128195e-15	4.61202830128195e-15	4.61202830128195e-15	4.61202830128195e-15	4.61202830128195e-15	0.483834376939402
"TCGA.3A.A9IS.01"	3.57677118056279e-15	3.57677118056279e-15	3.57677118056279e-15	3.57677118056279e-15	3.57677118056279e-15	0.402279028994501
"TCGA.3A.A9IU.01"	0.248208270401622	1.4284263246964e-14	0.431316839462148	0.0470663388665513	0.205608687173917	1.91988773486182e-06
"TCGA.3A.A9IZ.01"	0.331833930148681	0.0591086213217046	0.25409379216876	0.0665115645214012	0.19226776257526	1.16671774211062e-14
"TCGA.3E.AAAY.01"	0.0584089221146088	0.480280897388336	0.128013633325448	0.207791340226585	0.125505151791827	5.51531661497634e-08
"TCGA.F2.6879.01"	0.141689472325827	0.172117515854669	0.215891153629856	0.155388051630144	0.182635407078686	0.0997904377795737
"TCGA.F2.6880.01"	5.06043820489869e-15	5.06043820489869e-15	5.06043820489869e-15	5.06043820489869e-15	5.06043820489869e-15	0.0457704466716274
"TCGA.F2.A7TX.01"	0.176769148690578	1.28364346927318e-14	0.222126366331348	0.459863624179848	0.104821897102437	0.0364189636952619
"TCGA.F2.A8YN.01"	0.428928013043508	1.26877261655174e-14	0.247866627256106	0.0668047798428589	0.17491586241595	3.43830920693905e-09
"TCGA.FB.A4P6.01"	0.037850912248416	0.569791781113517	0.0772848496542176	0.00187276140989956	0.212619077687517	0.100580617886409
"TCGA.FB.A5VM.01"	0.480483959014855	5.35562416121252e-06	0.176039323045437	0.106254520637493	8.0559229596598e-15	5.07154036672504e-10
"TCGA.FB.A78T.01"	0.0730243410828655	2.55900616691357e-11	0.0108122839412252	0.268218558674026	0.465204109310453	0.0234165137174058
"TCGA.FB.AAPP.01"	0.0503243626274702	6.40784769379718e-15	0.00702539336153789	6.40784769379718e-15	0.17213358278771	0.149081419961238
"TCGA.FB.AAPQ.01"	0.288233351086913	0.0664635747837345	0.0676234444631239	0.093731536083815	0.343256632866023	1.34017423496146e-14
"TCGA.FB.AAPU.01"	0.0495818228841789	4.79884692785707e-06	0.000638454914645194	0.102251266597681	0.3674870985371	1.00616932166174e-14
"TCGA.FB.AAPY.01"	0.185091088425172	0.0959112107340073	0.0830468606752418	0.301763917022537	0.321544874628743	1.36721984924019e-08
"TCGA.FB.AAPZ.01"	0.262841448031014	0.262139338442769	0.406390570125636	5.7376218327261e-13	0.068628643399969	1.24255958060858e-14
"TCGA.FB.AAQ0.01"	0.161789433591223	1.20550078432841e-14	0.073196992997064	0.11052110384301	0.330996544363412	1.20550078432841e-14
"TCGA.FB.AAQ1.01"	0.157551844639957	0.0913299857177517	0.147015644554442	0.218437898930396	0.123399535328885	1.26096615232038e-14
"TCGA.FB.AAQ2.01"	0.323679774167374	1.04915891682145e-14	0.32104079295432	1.99063311879495e-10	1.04915891682145e-14	0.023888141121847
"TCGA.FB.AAQ3.01"	0.274319870396442	0.0906015621863585	0.0382071017535256	0.166238849630075	0.259995464899815	2.193097296102e-10
"TCGA.FB.AAQ6.01"	0.145239336495667	7.06250798735462e-10	0.0864383232425879	0.114442573551273	0.418378376535842	7.04423074946808e-05
"TCGA.H8.A6C1.01"	0.111583429016502	0.160193698180267	0.0724826387540495	0.243935412027105	0.326603530185397	0.0852012918366494
"TCGA.HV.A5A3.01"	0.457448031974349	1.11442797899189e-14	0.171009560806712	0.0627664211245366	0.171986732836333	1.11442797899189e-14
"TCGA.HV.A5A5.01"	0.125662664565393	0.310621289355108	0.159145692975544	0.20432621267315	0.200244140430766	1.29074242822405e-14
"TCGA.HV.A5A6.01"	0.158902470082971	1.3014716205031e-14	0.335730606293332	0.142427287739862	0.134642023465091	0.0874970507432371
"TCGA.HV.A7OL.01"	0.218291737045923	9.93478759719431e-15	9.93478759719431e-15	0.232191527078798	0.095031782269542	9.93478759719431e-15
"TCGA.HV.A7OP.01"	4.75988663304943e-15	4.75988663304943e-15	4.75988663304943e-15	4.75988663304943e-15	0.0161030939666997	0.0969247457028741
"TCGA.HV.AA8X.01"	0.153467732422145	1.24226140288789e-14	0.0272595158530169	0.0922086201541667	0.414840557186439	0.116484307981895
"TCGA.HZ.7289.01"	0.144405617822213	6.55943446302933e-15	0.046835489786259	0.0894027436131157	0.124026812540322	0.123004645154599
"TCGA.HZ.7919.01"	0.233112478439604	0.188224912359716	0.315197442659604	0.0484822652605589	0.214930389586287	8.5978919428916e-08
"TCGA.HZ.7924.01"	0.0362205736989902	0.195120426885532	1.0389038515981e-14	0.0788452381362509	0.371270557792914	0.26860865178078
"TCGA.HZ.7926.01"	0.147393385676932	0.407046540787908	0.219147835885816	0.00156632070756784	0.224845916941738	1.27541435365491e-14
"TCGA.HZ.8317.01"	0.132506079698444	0.537557569614876	0.115093816806865	1.46085739571003e-14	0.0910442250732902	0.0484409615403747
"TCGA.HZ.8638.01"	0.0512349346338199	0.440783954573941	1.31165230498136e-14	0.0319544677850378	0.381453325102634	0.0367804819674978
"TCGA.HZ.A49I.01"	0.0740189941075374	0.243620831990748	0.354679887671466	0.182117484736886	0.145562801490661	1.28685316947439e-14
"TCGA.HZ.A4BH.01"	0.0671541620371141	0.235923699564708	0.447007616190148	0.1564832233043	0.0468830590619862	0.0465482398417219
"TCGA.HZ.A4BK.01"	0.0900118240467131	0.310355900246292	0.171054437947415	0.142570400973372	0.286005839493438	1.59729274215836e-06
"TCGA.HZ.A77O.01"	0.167272824417316	1.69814559958346e-14	0.118968759459078	0.146336601891926	0.0361592570351773	0.0126332028083111
"TCGA.HZ.A8P0.01"	0.0606414918208939	0.00520647639800431	0.265116424038791	0.0993662008152859	0.347916124037308	0.211910728890724
"TCGA.HZ.A8P1.01"	0.0529026079311638	1.51679759534867e-08	0.00172288246227675	0.00242230512933565	0.48965160661471	0.00497186962801935
"TCGA.HZ.A9TJ.01"	0.152202455405104	0.0263828515070411	0.143751349198826	0.131242685170528	0.337175933518717	1.49571254257547e-14
"TCGA.HZ.A9TJ.06"	0.0717158151176795	0.186028623066419	0.263406127485903	0.00896621428159884	0.118062687800702	0.0697461245391839
"TCGA.IB.7644.01"	0.0984017235257511	0.135412739936159	0.15308382098883	0.0339338880776086	0.387371241355664	0.169975812087656
"TCGA.IB.7652.01"	0.0679571047921911	0.3420109063595	0.345830229650338	0.0732636373769613	0.116634542782281	0.0543035790387035
"TCGA.IB.7889.01"	0.0770107850993597	0.280028581797151	0.161050336520014	0.297179893602903	0.0894592612211002	0.0470140212177408
"TCGA.IB.A5SP.01"	0.118234692897107	1.24554725844042e-14	1.24554725844042e-14	0.105641121038089	0.463398045817224	0.0573300223757751
"TCGA.IB.A6UF.01"	0.245991458335603	0.0663207316073001	0.39912465141304	0.0249146767693695	0.0603321531382035	0.00785917987665116
"TCGA.IB.A6UG.01"	0.142452798650782	0.0453580297123874	0.131618816440628	4.2282937989302e-14	0.0937208552716142	0.0745467750843136
"TCGA.IB.A7LX.01"	0.297244467506142	1.07675510112611e-14	0.316410249766305	1.07675510112611e-14	0.189883243876089	1.07675510112611e-14
"TCGA.IB.A7M4.01"	0.637056434509613	1.11677724091522e-14	0.0275712513618007	0.0688165982510367	0.157577613895851	0.0302724579035181
"TCGA.IB.AAUM.01"	1.27122447906186e-14	0.0879790245549862	1.27122447906186e-14	1.27122447906186e-14	0.0399011603300954	0.28327019732403
"TCGA.IB.AAUN.01"	0.225988932301972	9.34799408161286e-13	0.434200903686661	0.0623395590065681	0.041932737060607	0.105884783281864
"TCGA.IB.AAUO.01"	0.366209236961333	1.22302095058294e-14	0.105147141656732	0.208967223489511	0.0425117064049913	1.22302095058294e-14
"TCGA.IB.AAUU.01"	0.210656865041833	0.0715701543265695	0.219162925941325	0.0738793640133224	0.416192029540057	0.00853866113686182
"TCGA.IB.AAUW.01"	0.065785394042516	0.686133506655788	1.20205179867068e-14	0.014149641508842	0.179483179129993	0.054448278662825
"TCGA.L1.A7W4.01"	0.134172040816475	1.31055450103027e-14	0.405392824175779	0.0689551719911548	7.40459250737035e-15	0.0666816037777902
"TCGA.LB.A7SX.01"	0.36880175653864	0.000746884618558811	0.0241171019925607	0.0575289774052564	0.28074571940887	0.0791404475447443
"TCGA.LB.A8F3.01"	1.12124304864947e-14	0.153749302502075	2.46526116563937e-07	0.0663956890374032	0.102629971007489	0.122450924573497
"TCGA.LB.A9Q5.01"	1.49866275099e-14	0.202716403853139	9.95007430509442e-11	0.000336760287627552	0.0200561942022413	0.000132642216489186
"TCGA.OE.A75W.01"	0.249211578024137	0.0335338235064574	0.129905556416547	0.0426143424420139	0.159429370736127	1.48610112948251e-14
"TCGA.Q3.AA2A.01"	0.202878583420231	0.0219634294195037	0.141031702690594	0.203670810951619	0.347567904122411	1.35217185466703e-14
"TCGA.RB.AA9M.01"	0.0370931370098297	0.330295779226668	0.34640690265444	1.40173515707445e-14	0.139014971128341	0.147189209980679
"TCGA.S4.A8RM.01"	0.0724223801708752	0.139294907869787	1.28310922090028e-14	0.101875219178039	0.481726572318643	1.69991264296998e-09
"TCGA.S4.A8RO.01"	0.305372577420505	1.40542194098313e-14	0.247459263950016	0.0853545124447957	0.163286565712474	0.0227820301152982
"TCGA.S4.A8RP.01"	0.024886973356711	0.203356845433293	0.301048593305106	0.0481846232777351	0.410868854866812	0.0116541097603115
"TCGA.US.A776.01"	0.0792747295677107	6.1203181202562e-10	0.0228703774556072	0.0504542697097798	0.107364206017866	0.253501087098773
"TCGA.US.A779.01"	0.106769985803564	0.00795023182832702	1.50923700192786e-14	0.00425081523790204	0.523240464383778	1.50923700192786e-14
"TCGA.US.A77G.01"	0.103965389471088	0.0215716725094942	1.33111261645797e-14	0.0874735571904105	0.563721211028562	1.33111261645797e-14
"TCGA.XD.AAUI.01"	0.325389651250305	0.180196809569303	0.350139193494917	0.0264982425804457	0.114129211601648	0.00364689150335117
"TCGA.YY.A8LH.01"	0.247375310308947	1.16236262066617e-14	1.16236262066617e-14	0.0920897992245149	0.420279682348303	1.16236262066617e-14
"TCGA.Z5.AAPL.01"	0.0321961665285642	0.409190758463046	8.91588310069522e-14	0.46336572894836	0.00786609903403136	9.46052552295529e-09
