"ID"	"S01"	"S02"	"S03"	"S04"	"S05"	"S06"	"S07"
"TCGA.2J.AAB1.01"	0.154917649533455	0.301791050594552	0.0634187259199311	0.0912547449645115	1.45148051500301e-14	0.0289356290835226	1.45148051500301e-14
"TCGA.2J.AAB4.01"	0.163017302055013	0.114665920328316	0.0130070237776931	1.17909543559348e-14	0.324964434361442	1.17909543559348e-14	1.17909543559348e-14
"TCGA.2J.AABF.01"	0.242510119301257	0.203742681637936	0.0666830981831335	1.14198986344942e-14	0.162999290714896	0.129758403468638	1.14198986344942e-14
"TCGA.2J.AABH.01"	0.00696235717154614	1.83567270549339e-14	3.85608031228789e-05	1.83567270549339e-14	1.83567270549339e-14	0.0283887241997534	1.83567270549339e-14
"TCGA.2J.AABI.01"	0.0177346470137701	0.021033177061219	1.9074384214853e-15	0.0247771421904802	1.9074384214853e-15	0.000103264405194627	1.9074384214853e-15
"TCGA.2J.AABK.01"	0.0134467903961791	0.121164596973637	0.0259222396142799	1.70645874472323e-14	0.375885428680416	0.102259889261086	1.70645874472323e-14
"TCGA.2J.AABR.01"	0.195028241116543	0.349868736570258	0.0924245434527181	0.0583063508378609	0.163808514782055	0.0290597997658315	9.41389302708598e-15
"TCGA.2J.AABV.01"	7.37311580471245e-15	7.37311580471245e-15	7.37311580471245e-15	7.37311580471245e-15	7.37311580471245e-15	7.37311580471245e-15	7.37311580471245e-15
"TCGA.2L.AAQA.01"	7.39721428458404e-15	7.39721428458404e-15	7.39721428458404e-15	0.00839180554860556	7.39721428458404e-15	0.0190698296348605	7.39721428458404e-15
"TCGA.2L.AAQE.01"	0.0154979908654899	0.23388817924763	0.0790157783420751	2.28707173122638e-11	1.06652829620372e-14	0.0287879445203349	1.06652829620372e-14
"TCGA.2L.AAQI.01"	0.00115393518575086	1.80809556436762e-14	0.108623566495826	0.237589394472825	0.224606636656797	0.172257891254223	1.80809556436762e-14
"TCGA.2L.AAQJ.01"	0.0528267312259436	0.199490583974581	0.219674309522923	0.056671937226269	0.100490980108552	0.058005359872787	1.89941874756844e-14
"TCGA.2L.AAQL.01"	0.079820044010566	0.00767829047101175	0.0488595522875737	1.60092704970686e-14	1.60092704970686e-14	1.60092704970686e-14	1.60092704970686e-14
"TCGA.2L.AAQM.01"	0.0047974483942422	4.96830090342887e-15	0.0420037601765677	1.95901641727991e-06	0.0806958246700962	0.0366648440778147	4.96830090342887e-15
"TCGA.3A.A9I5.01"	0.0265419872335554	0.0167926117143008	0.159946092898607	7.49311837879283e-15	0.345108940082369	7.49311837879283e-15	0.0385515168273074
"TCGA.3A.A9I9.01"	0.110026119081438	2.89632026730579e-14	0.0416708251994666	2.89632026730579e-14	2.89632026730579e-14	0.0195556214479839	2.89632026730579e-14
"TCGA.3A.A9IH.01"	2.00873115861137e-14	0.0243692454371996	0.00782867850496458	2.00873115861137e-14	0.0638345042164493	2.00873115861137e-14	2.00873115861137e-14
"TCGA.3A.A9IJ.01"	6.52629222859346e-15	6.52629222859346e-15	0.00844181419643803	6.52629222859346e-15	0.299611470177884	0.0235778035348589	0.062540710682347
"TCGA.3A.A9IL.01"	6.44660384048743e-15	0.00417195041174256	6.44660384048743e-15	6.44660384048743e-15	0.295629341875834	0.0590948953415655	0.360027875127842
"TCGA.3A.A9IO.01"	6.9550932418875e-15	6.9550932418875e-15	6.9550932418875e-15	6.9550932418875e-15	0.26356272011858	0.0108512149855623	0.32061528844446
"TCGA.3A.A9IR.01"	3.53103601283834e-15	0.000939528690427182	3.53103601283834e-15	3.53103601283834e-15	3.53103601283834e-15	0.0183990866835996	0.836393572598298
"TCGA.3A.A9IS.01"	3.80226068723422e-15	3.80226068723422e-15	0.0205963881378708	3.80226068723422e-15	0.163304660623753	3.80226068723422e-15	0.398872257188162
"TCGA.3A.A9IU.01"	1.8250166173359e-14	1.8250166173359e-14	1.8250166173359e-14	1.8250166173359e-14	1.8250166173359e-14	0.0345530365348887	1.8250166173359e-14
"TCGA.3A.A9IZ.01"	1.10960045657065e-14	1.10960045657065e-14	1.10960045657065e-14	0.177782596588429	1.10960045657065e-14	0.190133814079756	0.000112478507949421
"TCGA.3E.AAAY.01"	0.307304586132681	0.271656380194396	0.0799012518682232	1.59726317295525e-14	1.59726317295525e-14	0.0683046954139672	0.0272020921602436
"TCGA.F2.6879.01"	0.00706644337422914	0.0113062336084374	4.60213619416202e-15	4.60213619416202e-15	4.60213619416202e-15	0.0134582106299468	4.60213619416202e-15
"TCGA.F2.6880.01"	6.82729679789251e-15	6.82729679789251e-15	6.82729679789251e-15	6.82729679789251e-15	0.0193329306541825	6.82729679789251e-15	6.82729679789251e-15
"TCGA.F2.A7TX.01"	0.304021161417666	0.179389708667549	1.24680000729102e-14	1.24680000729102e-14	0.0162214516557964	0.178356011358361	1.24680000729102e-14
"TCGA.F2.A8YN.01"	1.63316459373603e-14	0.00525204199221772	0.228314687918799	1.63316459373603e-14	1.63316459373603e-14	1.63316459373603e-14	0.110772576882743
"TCGA.FB.A4P6.01"	0.113023064433821	0.204611073633436	0.0840476690788634	0.0255007506524177	0.114458658961773	0.0477984053959836	0.264073887760804
"TCGA.FB.A5VM.01"	0.0417520106399901	0.0207749108018783	2.3938792892199e-15	2.3938792892199e-15	2.3938792892199e-15	2.3938792892199e-15	2.3938792892199e-15
"TCGA.FB.A78T.01"	0.147907841320391	0.0358703442323295	0.00406188757666954	2.26654844170922e-14	0.157730642345514	0.0265806326276575	2.26654844170922e-14
"TCGA.FB.AAPP.01"	6.92313748263376e-15	0.0226868271195937	0.0779608919197218	6.92313748263376e-15	6.92313748263376e-15	0.165669862158748	0.347849601181702
"TCGA.FB.AAPQ.01"	2.23452393729421e-14	2.23452393729421e-14	0.136243823613764	0.0949315991493064	2.23452393729421e-14	0.0122836289787643	0.015207565606522
"TCGA.FB.AAPU.01"	1.28828561968651e-14	0.0266442348660337	0.118350102475331	1.28828561968651e-14	0.100298962561953	0.133353580270959	1.28828561968651e-14
"TCGA.FB.AAPY.01"	0.194932583799188	0.235849478329169	0.0613531963385014	1.0227075011094e-14	0.00674910201920013	1.0227075011094e-14	1.0227075011094e-14
"TCGA.FB.AAPZ.01"	0.104237100724096	0.321803228558628	0.000502160794659087	1.33486264905504e-14	1.33486264905504e-14	0.0791673888246782	1.33486264905504e-14
"TCGA.FB.AAQ0.01"	5.55309450762828e-15	5.55309450762828e-15	5.55309450762828e-15	5.55309450762828e-15	5.55309450762828e-15	0.0221614468034192	5.55309450762828e-15
"TCGA.FB.AAQ1.01"	0.0382504971693713	0.000480205763514718	0.111172633918723	1.82583594067439e-14	1.82583594067439e-14	0.230869797944359	1.82583594067439e-14
"TCGA.FB.AAQ2.01"	1.30322232626735e-14	0.0231525290184444	1.30322232626735e-14	1.30322232626735e-14	0.196375570650703	0.181521392826388	1.30322232626735e-14
"TCGA.FB.AAQ3.01"	0.0743605179775609	1.65459075506414e-14	0.195658127388338	0.0389073226448612	1.65459075506414e-14	1.65459075506414e-14	5.19816957023362e-07
"TCGA.FB.AAQ6.01"	1.71420466041349e-14	1.71420466041349e-14	0.122551561128579	1.71420466041349e-14	1.71420466041349e-14	0.0966184617313788	1.71420466041349e-14
"TCGA.H8.A6C1.01"	0.20952145669905	0.168257928458214	0.0589024001472421	1.3465764529608e-14	1.3465764529608e-14	0.10878357574417	1.3465764529608e-14
"TCGA.HV.A5A3.01"	1.72603474215079e-14	1.72603474215079e-14	1.72603474215079e-14	1.72603474215079e-14	1.72603474215079e-14	1.72603474215079e-14	1.72603474215079e-14
"TCGA.HV.A5A5.01"	0.0876192828034538	0.296529516122044	0.131988225526003	0.0555571664921295	0.136207653368005	0.0392940938085791	1.15390511242926e-14
"TCGA.HV.A5A6.01"	1.533800859814e-14	1.533800859814e-14	0.014424390233638	1.533800859814e-14	1.533800859814e-14	0.21771670881818	1.533800859814e-14
"TCGA.HV.A7OL.01"	0.266147360671408	0.120331814830064	0.00230941765753077	1.03158282166004e-14	1.03158282166004e-14	1.03158282166004e-14	1.03158282166004e-14
"TCGA.HV.A7OP.01"	6.2713906907737e-15	6.2713906907737e-15	0.0770253248822517	6.2713906907737e-15	6.2713906907737e-15	6.2713906907737e-15	0.163856191772202
"TCGA.HV.AA8X.01"	1.48234353723611e-14	1.48234353723611e-14	0.148982419466486	1.48234353723611e-14	1.48234353723611e-14	0.234261617292647	1.48234353723611e-14
"TCGA.HZ.7289.01"	9.74770943029387e-15	9.74770943029387e-15	0.110495598326905	9.74770943029387e-15	9.74770943029387e-15	0.0769193193527754	9.74770943029387e-15
"TCGA.HZ.7919.01"	0.1046771036339	0.166236080828138	0.036644511835832	1.2296537589175e-14	0.156206655598837	0.0965965002326358	1.2296537589175e-14
"TCGA.HZ.7924.01"	0.050143593721571	0.149638880872107	0.313617174009558	0.248197596801528	7.57619460640258e-15	0.103517885309961	0.0483416315408524
"TCGA.HZ.7926.01"	0.081901855283165	0.168864666677231	0.0952500679983827	0.0745409901777417	0.0753886984048018	0.048222478860802	0.349464059250035
"TCGA.HZ.8317.01"	9.20952113723679e-15	0.014603838041858	0.199026647351647	0.24208834807785	9.20952113723679e-15	0.0456321880325319	0.242850235121969
"TCGA.HZ.8638.01"	0.105102912392491	0.0503826087435499	0.211458255478715	0.214500012358571	8.26175982242502e-15	0.139698559009324	0.119349305921814
"TCGA.HZ.A49I.01"	0.13033634310969	0.163828963805703	0.0172097312467316	1.54736473716784e-14	0.0529516668222624	0.0884495468796363	1.54736473716784e-14
"TCGA.HZ.A4BH.01"	0.0532556224643047	0.115799218670472	4.9374479144824e-15	4.9374479144824e-15	0.0600643583131856	0.0260418902228653	4.9374479144824e-15
"TCGA.HZ.A4BK.01"	0.191514420552215	0.199328921318946	0.0573855913095087	1.40121877817469e-14	0.00413986235733218	0.0437692527905253	1.40121877817469e-14
"TCGA.HZ.A77O.01"	0.00200980264375601	1.59397214004087e-14	0.0336568441672774	1.59397214004087e-14	1.59397214004087e-14	0.0465407199205544	1.59397214004087e-14
"TCGA.HZ.A8P0.01"	0.0837411438823349	0.0404610506631934	2.20591563788138e-14	2.20591563788138e-14	2.20591563788138e-14	0.245312046325401	2.20591563788138e-14
"TCGA.HZ.A8P1.01"	1.56859296612969e-14	1.56859296612969e-14	0.267899205872032	1.56859296612969e-14	1.56859296612969e-14	0.094366836235429	0.182814585203237
"TCGA.HZ.A9TJ.01"	0.0156608843304227	1.77579542126298e-14	1.77579542126298e-14	1.77579542126298e-14	1.77579542126298e-14	0.315349714340137	1.77579542126298e-14
"TCGA.HZ.A9TJ.06"	3.76279676271787e-15	3.76279676271787e-15	3.76279676271787e-15	3.76279676271787e-15	3.76279676271787e-15	0.0718126496415459	3.76279676271787e-15
"TCGA.IB.7644.01"	0.0580893251880447	0.0890605196194928	0.125511840532395	0.376023988576039	1.20493694188953e-14	0.135701339173461	1.20493694188953e-14
"TCGA.IB.7652.01"	3.27036951714865e-15	0.0140807319568194	0.00593920101094342	0.0547137456594063	3.27036951714865e-15	0.0577782087646645	3.27036951714865e-15
"TCGA.IB.7889.01"	0.0786833910553926	0.308810857485029	0.0334707491221054	0.122853724838642	0.039334341235262	1.3493830564501e-14	1.3493830564501e-14
"TCGA.IB.A5SP.01"	0.0819817105017775	1.81377330540631e-14	0.247752568259294	3.5777241408136e-10	0.00704188219496615	1.81377330540631e-14	1.81377330540631e-14
"TCGA.IB.A6UF.01"	1.8277559311578e-14	1.8277559311578e-14	0.0124226109164515	1.8277559311578e-14	1.8277559311578e-14	1.8277559311578e-14	1.8277559311578e-14
"TCGA.IB.A6UG.01"	0.0693545884803775	0.23525951255756	0.0664423157790342	1.8743347698208e-14	1.8743347698208e-14	0.023298553635118	1.8743347698208e-14
"TCGA.IB.A7LX.01"	0.00522394485281336	1.31762788809691e-11	6.01391444821346e-15	6.01391444821346e-15	6.01391444821346e-15	0.0707817603002242	6.01391444821346e-15
"TCGA.IB.A7M4.01"	0.112496709446993	0.190205968224806	9.90470719242736e-15	9.90470719242736e-15	9.90470719242736e-15	0.0264444491289069	9.90470719242736e-15
"TCGA.IB.AAUM.01"	0.0333192219936569	0.153576736422706	0.0332627431136742	1.29590652819209e-14	1.29590652819209e-14	1.29590652819209e-14	0.403174791902103
"TCGA.IB.AAUN.01"	0.00674036722476166	0.00496214415272942	0.274995192117551	2.22996234726147e-14	2.22996234726147e-14	2.22996234726147e-14	2.22996234726147e-14
"TCGA.IB.AAUO.01"	0.304581467758771	1.78122200391324e-14	0.00110079714252943	1.78122200391324e-14	0.211040833423459	1.78122200391324e-14	1.78122200391324e-14
"TCGA.IB.AAUU.01"	0.0612746912651624	0.0862712225062693	1.3932097960783e-14	1.3932097960783e-14	1.3932097960783e-14	0.0126977427386611	1.3932097960783e-14
"TCGA.IB.AAUW.01"	0.113271623495136	0.223760150208001	0.21281140356229	0.291838871513633	1.13177621313065e-14	0.0870633050106341	1.13177621313065e-14
"TCGA.L1.A7W4.01"	2.04910274106696e-15	2.04910274106696e-15	2.04910274106696e-15	0.00603498705410826	2.04910274106696e-15	0.0378944817845306	2.04910274106696e-15
"TCGA.LB.A7SX.01"	0.00911374205786611	0.0149995787870997	5.43986143696183e-15	0.112241096520569	5.43986143696183e-15	0.108232167910087	0.384790992810488
"TCGA.LB.A8F3.01"	0.0269839072137284	8.6773905470709e-15	0.105560060862441	8.6773905470709e-15	8.6773905470709e-15	8.6773905470709e-15	8.6773905470709e-15
"TCGA.LB.A9Q5.01"	0.000531428980449585	0.000443927940652453	4.59434493872832e-15	0.0441991112001697	4.59434493872832e-15	4.59434493872832e-15	4.59434493872832e-15
"TCGA.OE.A75W.01"	0.160731925529767	0.124187073693862	0.0190831340314438	1.38129667081292e-14	1.38129667081292e-14	1.38129667081292e-14	1.38129667081292e-14
"TCGA.Q3.AA2A.01"	0.0125372913860004	1.42498751226221e-14	0.0237316267060647	0.0463194890547378	0.225143844628067	0.00655440540451364	0.0131832190729586
"TCGA.RB.AA9M.01"	1.62931094960921e-14	0.156970291545028	0.0152643057820679	0.146510757149126	0.0181719928287089	0.134199032378692	1.62931094960921e-14
"TCGA.S4.A8RM.01"	0.060759018899198	0.206502590355845	0.180376752417972	1.07204981295151e-14	1.07204981295151e-14	0.203412907412064	1.07204981295151e-14
"TCGA.S4.A8RO.01"	1.31560977999464e-14	0.0099953562872661	1.31560977999464e-14	1.31560977999464e-14	1.31560977999464e-14	0.103648172154052	1.31560977999464e-14
"TCGA.S4.A8RP.01"	0.0672508659967003	0.115553099315378	0.0490665930161122	1.45168273360573e-14	0.112212245555823	0.0694519278662494	1.45168273360573e-14
"TCGA.US.A776.01"	1.03891961980173e-14	0.0310412585944555	0.135285083275172	1.03891961980173e-14	1.03891961980173e-14	0.0561742672237994	0.0807204299558179
"TCGA.US.A779.01"	1.29259017530155e-14	1.29259017530155e-14	0.16799672815999	1.29259017530155e-14	0.0390609949074734	1.29259017530155e-14	1.29259017530155e-14
"TCGA.US.A77G.01"	2.38330165438342e-14	0.0088305249487343	0.113070298810415	2.38330165438342e-14	2.38330165438342e-14	0.189639798407758	0.098775549121266
"TCGA.XD.AAUI.01"	0.173000510553771	0.423515366117868	0.0415930968974117	1.76935092310905e-14	1.76935092310905e-14	0.093950411277805	1.76935092310905e-14
"TCGA.YY.A8LH.01"	0.0395458624895969	0.0157092891936778	1.55537002060745e-14	1.55537002060745e-14	1.55537002060745e-14	1.55537002060745e-14	1.55537002060745e-14
"TCGA.Z5.AAPL.01"	0.0516201148839427	0.0800098472714873	1.47445539081187e-15	1.47445539081187e-15	1.47445539081187e-15	0.00765262683867713	1.47445539081187e-15
