"ID"	"S01"	"S02"	"S03"	"S04"	"S05"	"S06"	"S07"	"S08"
"TCGA.2J.AAB1.01"	0.066372125686387	0.182384585401523	0.128275087005992	0.0206939615360671	0.258440388251678	0.00729428385041856	0.17242062320657	2.34191450210529e-05
"TCGA.2J.AAB4.01"	0.0996247032751442	0.0655533659621596	0.104321120718464	0.0694165952293212	0.115151696328002	0.0836696201971674	0.254204626215353	0.0181332053852236
"TCGA.2J.AABF.01"	0.0660203915329613	0.135819667774808	0.108095766256557	0.129926817794042	0.073923238175775	0.215815388683268	0.270398729782536	1.06782724131429e-14
"TCGA.2J.AABH.01"	0.120800175968125	0.0479713654822365	0.114309774779365	0.0239774362443398	0.102091890961272	0.136681715480358	0.132069157087332	1.49608718341475e-14
"TCGA.2J.AABI.01"	0.0185124017808253	1.17134162468649e-14	0.132545474572294	0.0479102311897156	0.113807147937004	1.17134162468649e-14	0.0858434646495289	0.276128042101103
"TCGA.2J.AABK.01"	0.115236550353652	0.0240132586342376	1.1974926915592e-14	0.0824115060680856	0.169055755846394	0.356798669434106	0.103867883772948	0.00857495937659823
"TCGA.2J.AABR.01"	0.23074630408116	0.226499545346836	0.0966060912559506	0.0884885551293047	2.52497744103055e-12	0.0285239263142279	0.257784441564877	1.13672653301885e-14
"TCGA.2J.AABV.01"	0.068376980619712	5.9724459137061e-15	5.9724459137061e-15	5.9724459137061e-15	0.00460881789438064	5.9724459137061e-15	5.9724459137061e-15	5.9724459137061e-15
"TCGA.2L.AAQA.01"	0.0183303756929625	1.48335887637686e-14	0.171875537211606	1.48335887637686e-14	1.48335887637686e-14	1.48335887637686e-14	1.48335887637686e-14	0.261769277623443
"TCGA.2L.AAQE.01"	0.0119418639789793	0.239599817542616	0.16095363857364	0.0595930335659193	0.0762416020729851	0.0321480087009802	0.0591735893608149	0.00446852322818204
"TCGA.2L.AAQI.01"	0.0737165151069659	0.060889688611008	0.0385957115293148	0.191576444276786	0.0416231519296765	0.220560659331868	0.124755680079604	1.45838964769236e-14
"TCGA.2L.AAQJ.01"	1.38360829463494e-14	0.155949846507567	0.0637038744675378	0.126243895224444	0.0871118359542314	0.0586903895362321	0.0286721400407051	0.0916883964911097
"TCGA.2L.AAQL.01"	0.183630682879776	0.191426472771006	0.0907971367520399	0.0132348776292902	0.0525876909591624	1.20225767317841e-14	0.15706978430096	7.72611215171014e-08
"TCGA.2L.AAQM.01"	6.81074455459319e-15	0.0964800924924571	6.81074455459319e-15	0.108636544677637	0.108854545972604	0.320193952151905	6.81074455459319e-15	6.81074455459319e-15
"TCGA.3A.A9I5.01"	0.18942824326307	0.0822213589886049	0.0449362880830863	1.00029485477459e-14	0.0965813098842561	0.200910177960384	1.00029485477459e-14	1.00029485477459e-14
"TCGA.3A.A9I9.01"	0.122753383456741	0.0201803022436953	0.0601588409518106	1.45933478424308e-14	0.0860138009966071	0.238843204243444	0.157974603323115	0.0381555597780746
"TCGA.3A.A9IH.01"	0.103365909620918	0.226696212997918	0.147984593844963	0.116509118972353	1.97212049698602e-14	0.098508211165431	1.97212049698602e-14	0.099053847071014
"TCGA.3A.A9IJ.01"	0.0770771501482291	0.0659522303058887	5.27915454048004e-15	5.27915454048004e-15	0.0239023129431474	0.40912661134067	0.010450317555156	5.27915454048004e-15
"TCGA.3A.A9IL.01"	8.89981682940872e-15	0.234454408230756	8.89981682940872e-15	8.89981682940872e-15	0.089664731319114	0.376485279868291	0.00462400135510736	8.89981682940872e-15
"TCGA.3A.A9IO.01"	0.0563606934689199	0.0165036520006252	5.4308676359824e-15	0.00076742931420983	0.000142502856214758	0.474545480691009	5.4308676359824e-15	5.4308676359824e-15
"TCGA.3A.A9IR.01"	5.45705941073083e-15	0.025914123873383	5.45705941073083e-15	0.0963123792587533	0.0719917597267556	0.338068651505476	5.45705941073083e-15	5.45705941073083e-15
"TCGA.3A.A9IS.01"	0.0278817346565894	4.44833711508737e-15	4.44833711508737e-15	0.0405294318476931	7.57799870708109e-15	0.333540941527327	4.44833711508737e-15	4.44833711508737e-15
"TCGA.3A.A9IU.01"	0.144581123752738	1.52386816385288e-14	0.275844720426677	0.125115249769188	0.130155262238969	8.01458730059614e-12	1.52386816385288e-14	0.226655877337005
"TCGA.3A.A9IZ.01"	0.122924088503661	1.2597344850131e-14	0.139754631118582	0.0605970575640913	0.0038720361630696	0.00919497318843621	1.2597344850131e-14	0.28750209245611
"TCGA.3E.AAAY.01"	0.136447789829241	0.317867672450929	0.0881391087210586	0.0364268326820633	0.0694790024882983	0.124635179354611	0.227004414473742	1.13014591536784e-14
"TCGA.F2.6879.01"	1.07810808400174e-14	4.82666682596552e-07	0.238199548614547	0.270921772609139	0.00419562934112707	0.0193075228661367	0.0457002887607266	0.0762516115566662
"TCGA.F2.6880.01"	0.042070868106711	5.27144577212973e-15	5.27144577212973e-15	5.27144577212973e-15	0.0307228267620399	5.27144577212973e-15	5.27144577212973e-15	5.27144577212973e-15
"TCGA.F2.A7TX.01"	0.175363530941964	0.0423797246332189	0.0553337367212521	0.0887049664318723	0.00509719303876334	1.31615476746433e-14	0.234817038769769	0.257908811444277
"TCGA.F2.A8YN.01"	1.68375433875224e-14	1.68375433875224e-14	0.399035612592596	0.035370532171637	1.68375433875224e-14	0.0168136625715145	0.00460643689659746	0.12605388692906
"TCGA.FB.A4P6.01"	0.0701640771852592	0.297179424414687	0.120582734422867	0.079096768481462	0.070235582230124	0.163590752830248	0.199150660435295	1.15036853740924e-14
"TCGA.FB.A5VM.01"	0.0168839309389117	0.177334751781349	0.0852089838952092	9.62136596044123e-15	9.62136596044123e-15	9.62136596044123e-15	0.134571431389637	0.234320925554846
"TCGA.FB.A78T.01"	0.142849078243191	1.32524785105481e-14	0.00828538942027737	0.0360744109576242	0.201684736821479	0.246479494012567	0.10336846658164	1.32524785105481e-14
"TCGA.FB.AAPP.01"	7.98879446384078e-15	7.98879446384078e-15	7.98879446384078e-15	0.092850645734424	0.0181333562106264	7.98879446384078e-15	7.98879446384078e-15	2.0281198239952e-08
"TCGA.FB.AAPQ.01"	0.000973361710175564	1.42168889422099e-14	0.113067318831615	0.0952627036313645	0.104927309830933	0.154833702265897	0.00339267268769445	0.0659257690106175
"TCGA.FB.AAPU.01"	1.35752377965896e-14	1.35752377965896e-14	0.00700614542583909	0.169983774310042	0.0253248017191815	1.35752377965896e-14	1.35752377965896e-14	0.0327631007683528
"TCGA.FB.AAPY.01"	0.0686646871104385	0.0805507896120913	0.154515916078547	0.00361230839842241	0.129023616927697	0.032660748407257	0.429686597134613	1.49509819127794e-14
"TCGA.FB.AAPZ.01"	0.205066957106182	0.230548657475791	0.140341780130688	0.154943041225777	0.0499235727293362	0.0236832854882019	0.113943788904256	0.0815489169397097
"TCGA.FB.AAQ0.01"	7.99377729744113e-07	0.0180768937002816	0.0754836989202659	0.0194769067757387	0.278237302606507	1.32314580655795e-14	1.32314580655795e-14	0.103148010159115
"TCGA.FB.AAQ1.01"	0.125221227407498	0.00890132062809289	0.0236538009490587	0.126057713482771	0.129184254840738	1.34469076456736e-14	0.301847638101206	0.155645315914463
"TCGA.FB.AAQ2.01"	0.0757251647623911	0.0722261635755312	0.02244230350415	1.26293231479231e-14	1.26293231479231e-14	0.103831690118962	1.26293231479231e-14	0.441067398240184
"TCGA.FB.AAQ3.01"	0.108940806267879	0.0125339993883595	0.143404478705189	0.111331989583504	0.0194703871310504	1.21911799335907e-14	0.00808924727848557	0.0696795509024351
"TCGA.FB.AAQ6.01"	1.50218564733836e-14	0.00566883937984925	0.111968494623605	0.0249501731383246	0.229510170501059	0.0823157330617802	1.50218564733836e-14	0.132136533487828
"TCGA.H8.A6C1.01"	0.0782958442618323	0.0566619379834913	0.147362045934445	0.126938833181899	0.245605371557383	0.090419528986983	0.254716438093893	1.48385933460749e-14
"TCGA.HV.A5A3.01"	1.54449558995221e-14	1.54449558995221e-14	0.169621307887917	0.0279487938978851	0.136711288238504	0.00605461216414865	1.54449558995221e-14	0.164427341855315
"TCGA.HV.A5A5.01"	0.0878854790050454	0.22437445667827	0.218137065009921	0.0498608510051037	1.41768702353284e-14	0.143641952043699	0.229939123607779	0.0155228596329183
"TCGA.HV.A5A6.01"	0.0297844726273863	0.0134365432556508	0.252801393509455	0.046658107432169	0.11702452439318	1.14381280649976e-14	1.14381280649976e-14	0.358304707797673
"TCGA.HV.A7OL.01"	0.0521483517638753	0.0138050863204006	0.0529998895038747	1.04709412521816e-14	1.04709412521816e-14	1.04709412521816e-14	0.0747610836304429	0.226362710569291
"TCGA.HV.A7OP.01"	0.0327983680368015	5.74283788506442e-15	5.74283788506442e-15	5.74283788506442e-15	0.0854647598602294	2.43735564416811e-05	5.74283788506442e-15	5.74283788506442e-15
"TCGA.HV.AA8X.01"	0.0190213416691051	1.76994607769991e-14	0.0791758237287759	0.132687941306157	1.76994607769991e-14	0.109047092639479	1.76994607769991e-14	0.107140996463892
"TCGA.HZ.7289.01"	0.0111151545926154	7.55057216934999e-15	0.0201601811339798	7.55057216934999e-15	7.55057216934999e-15	7.55057216934999e-15	7.55057216934999e-15	7.55057216934999e-15
"TCGA.HZ.7919.01"	0.0756095845065614	0.134060409682238	0.190388380921629	0.290593049483736	1.30941224071367e-14	0.00298955703484479	0.0729513818580808	0.0781464117971652
"TCGA.HZ.7924.01"	1.00144892224585e-14	0.315372951491808	1.00144892224585e-14	0.238136935272191	0.0458847271791979	6.90944327203963e-06	0.0630813359003144	0.0050286989498498
"TCGA.HZ.7926.01"	0.11371137701907	0.115771904382094	0.114685443122194	0.228952997430249	1.26155369938535e-14	0.0346794681195447	0.095412438051465	0.197138983108313
"TCGA.HZ.8317.01"	0.249717523920987	0.437929777241105	0.0656754288322373	0.0109893262338414	0.055326648337413	1.01469888607335e-14	1.01469888607335e-14	0.0140105593579451
"TCGA.HZ.8638.01"	1.06860856875674e-14	0.455447107214789	1.06860856875674e-14	0.180367841951829	1.06860856875674e-14	1.06860856875674e-14	0.0105077539161603	0.0479896530332198
"TCGA.HZ.A49I.01"	1.37726160120913e-14	0.0484453902966391	0.106412472396638	1.11759599112482e-08	0.156276023902373	0.0355294271045073	0.440898109679107	0.0790096506988961
"TCGA.HZ.A4BH.01"	1.10427458698512e-14	0.335198146513803	0.194678490796959	0.0827205957357796	1.10427458698512e-14	0.0846732972265524	0.147198467775136	0.0953551237603595
"TCGA.HZ.A4BK.01"	0.0895856742412111	0.140247644435834	0.119967924450387	0.0703488215457589	0.189290759674655	0.0603659309881672	0.321228046963962	0.00896519769996776
"TCGA.HZ.A77O.01"	0.167699345944767	1.32005021258541e-14	0.0551670447337977	1.32005021258541e-14	0.0749212859757616	0.0110432928428205	0.0246912691726648	0.234590826641379
"TCGA.HZ.A8P0.01"	0.0710064762131835	0.184476988535745	0.211201097104752	0.14919931720913	0.194816761261479	1.50360859348873e-14	0.0803984214644565	0.108859259457169
"TCGA.HZ.A8P1.01"	0.0116991467277485	1.63385250105554e-14	0.0229225891932024	0.251290685585375	0.0232510108197421	0.102230960589299	0.0588782007330671	0.109478598331164
"TCGA.HZ.A9TJ.01"	0.0379046031963718	0.0730275471985982	0.0322840757105786	0.0765331366265263	0.0937281269311875	0.0793493842743061	1.54674684697549e-14	0.0871541251775552
"TCGA.HZ.A9TJ.06"	0.0266823977601637	0.0650272147044748	0.000897352644586284	0.045261685767487	0.119271068236577	0.193502950664344	0.0595776250348693	0.272631832608811
"TCGA.IB.7644.01"	1.21307169011682e-14	0.147412623085912	0.202418205427068	0.196489342563245	1.21307169011682e-14	1.21307169011682e-14	0.0595684014581064	0.0141050361397819
"TCGA.IB.7652.01"	0.0905556235231123	0.138779544190115	0.153063308596129	0.179802393661732	1.15210113740161e-14	0.0728896549761846	0.233619390640671	1.15210113740161e-14
"TCGA.IB.7889.01"	0.17065973897899	0.166343924443139	0.0508996629939423	0.0268132953657484	0.0609828472453485	1.66486366870966e-14	0.343215343767683	0.0161032486994536
"TCGA.IB.A5SP.01"	0.207658086281014	1.53573278658172e-14	0.00313684129175764	1.53573278658172e-14	0.0526828683620867	0.0428850491274426	0.0746855838189386	0.0368357177628358
"TCGA.IB.A6UF.01"	0.316109890920804	0.0311262510822632	0.0115937197188101	0.107070698445906	0.0942891213579534	0.00101465419531973	0.11466794079686	0.202435737887066
"TCGA.IB.A6UG.01"	0.204147840782707	1.55304555863531e-14	0.0146486936694781	0.0303346327190573	0.241331205399197	0.0427062862117234	0.0298183314782185	0.0403119460113748
"TCGA.IB.A7LX.01"	0.136294704908991	9.61125912658279e-09	0.119169363742211	0.0114446112776211	0.127192581476247	0.107398648809191	1.42511866013911e-14	0.172994859507635
"TCGA.IB.A7M4.01"	0.194232200541965	1.47680934080209e-14	0.103856125454898	1.47680934080209e-14	0.0353932880065675	0.0542284431373102	1.47680934080209e-14	0.419871348974735
"TCGA.IB.AAUM.01"	0.190811860658561	0.0312042224313763	0.00604338913937598	1.21799109847258e-14	0.162882007061986	0.07871089829133	0.0570994693345211	1.21799109847258e-14
"TCGA.IB.AAUN.01"	0.121402163527533	0.0211265089975517	0.202588588912838	0.100660897852721	0.0962007615579874	0.215950235106726	1.42053648961387e-14	0.120291261850961
"TCGA.IB.AAUO.01"	0.119912923139529	1.51819834284305e-14	0.127886570363744	1.51819834284305e-14	0.0990249409701838	1.51819834284305e-14	0.12324985902382	0.27680960570569
"TCGA.IB.AAUU.01"	0.069025548616095	0.0249207086691267	0.133557207210585	0.110316622521101	0.144448527429814	0.0210725935372738	0.275808031819367	0.0794642901981578
"TCGA.IB.AAUW.01"	0.246434982437053	0.406767654242691	0.00256480910514008	0.0935075966965573	0.0377910954297454	0.078016054343512	0.126750802548833	9.25200424233669e-15
"TCGA.L1.A7W4.01"	0.0326006931426474	9.84838122982434e-15	0.11290304640538	0.231479107663093	0.0249030112210966	9.84838122982434e-15	9.84838122982434e-15	0.349536618474883
"TCGA.LB.A7SX.01"	1.29456752391033e-14	0.0189000346586417	0.0168686489373575	0.184597096294044	0.390318416009643	1.29456752391033e-14	0.0703175405915904	0.0888012336468355
"TCGA.LB.A8F3.01"	0.120267878179192	1.14086115406573e-14	0.0116516890174089	1.14086115406573e-14	0.318827246322174	1.14086115406573e-14	1.14086115406573e-14	1.14086115406573e-14
"TCGA.LB.A9Q5.01"	0.138926559235125	3.46897509019193e-12	0.0230723629038789	1.15442891423477e-14	0.0836023373529177	1.15442891423477e-14	0.134119067370812	1.15442891423477e-14
"TCGA.OE.A75W.01"	0.0277492946198154	1.10574413550768e-14	0.168111074588679	1.10574413550768e-14	0.115073092713438	0.0166914551905518	0.0298380592980872	0.109460141428323
"TCGA.Q3.AA2A.01"	0.174113320709914	0.0865951086738978	0.107036243619719	0.00286959013993326	0.105999420133573	1.21703583282352e-14	0.0427583195562427	0.281831564616563
"TCGA.RB.AA9M.01"	1.54429426358867e-14	0.537344217664384	0.120069297781117	0.207578557836011	0.0380680170731347	0.0257045986809196	0.030701931034961	1.54429426358867e-14
"TCGA.S4.A8RM.01"	0.0579308029880392	0.0269431802845784	0.0447457236560887	0.24040001881034	1.34685963265229e-14	1.34685963265229e-14	0.0292024268356818	0.0502818700015569
"TCGA.S4.A8RO.01"	0.0978377204248807	0.0129931941439666	0.0606936626323017	0.0144525477302233	1.41777711094841e-14	0.0495361557894218	0.0368532623327959	0.474244980442052
"TCGA.S4.A8RP.01"	0.180947494259686	0.286417532119377	0.218902669974175	0.112144263051681	0.0445528826280732	0.014255256082917	0.131224929359494	0.0115549725245433
"TCGA.US.A776.01"	0.131135288128575	8.96813962571143e-15	8.96813962571143e-15	0.0578779170613829	0.142710320351457	8.96813962571143e-15	8.96813962571143e-15	8.96813962571143e-15
"TCGA.US.A779.01"	0.0301891320513115	1.51982221220999e-14	0.00443479637219772	0.011187283804952	0.189390988391119	0.0221884101846227	0.129865785506417	0.0385092900933549
"TCGA.US.A77G.01"	0.105372845349175	1.40958688895325e-14	1.40958688895325e-14	0.160255059087774	0.138981284476002	1.40958688895325e-14	0.00119822704782116	1.40958688895325e-14
"TCGA.XD.AAUI.01"	0.212599623152737	0.263402036910809	0.108232292810871	0.0332090811690448	0.0415378591812692	0.0998338731515005	0.122926039898198	0.110284176410518
"TCGA.YY.A8LH.01"	1.32212945932411e-14	0.00542309347257376	1.32212945932411e-14	0.0430600157661567	0.173782852289293	0.0551763435145449	1.32212945932411e-14	0.121241494463212
"TCGA.Z5.AAPL.01"	1.01738895330752e-14	0.166106205764353	0.00360087841940446	0.148883537190345	4.47623453008396e-07	2.19489912702483e-14	0.275354543378156	0.279588407338228
