"ID"	"S01"	"S02"	"S03"	"S04"	"S05"
"TCGA.2J.AAB6.01"	1.16496962927846e-14	0.0766853609390163	1.16496962927846e-14	0.107763737789414	0.0791695668172925
"TCGA.2J.AAB8.01"	0.0140157931655597	0.286972434784991	0.00670784024791233	0.154640728045346	0.119437590886451
"TCGA.2J.AAB9.01"	0.0391812776658277	2.66177405895511e-06	0.0811781429379016	0.150382415617244	0.266967740741548
"TCGA.2J.AABA.01"	0.0534066247295655	0.19115849560314	0.0684944994318564	0.165349300864384	0.332806703522891
"TCGA.2J.AABE.01"	1.52622664296033e-14	0.0874302635737419	0.0629550153663197	0.259063507901654	0.0747442492923949
"TCGA.2J.AABO.01"	0.0879028880970607	0.12108219473386	1.34981834869303e-14	0.308826410379327	0.168283568541975
"TCGA.2J.AABP.01"	7.01464732952424e-15	0.359321709438946	0.129204571546021	0.00169764857427279	0.144573792905613
"TCGA.2J.AABT.01"	0.531904049229733	0.190487951190191	0.0136990454312854	0.0776579295511013	0.111180522440058
"TCGA.2J.AABU.01"	0.0718760186172922	0.125602565439095	1.10495516364079e-14	0.0763691864682382	0.114267535450627
"TCGA.3A.A9I7.01"	0.107234277351453	0.147277943116633	0.0158385311637681	0.215640643590089	0.38305836393473
"TCGA.3A.A9IB.01"	0.0486803336933235	0.223239949368895	0.0280279178881387	0.0120911341121652	0.408110675243534
"TCGA.3A.A9IC.01"	0.0490289650504022	0.368619474099116	1.20575088841998e-14	0.0439767306798905	0.0720324122788221
"TCGA.3A.A9IN.01"	0.171609957479767	5.17158774931443e-15	0.0506023323683936	0.456307524437947	0.271752417733119
"TCGA.3A.A9IV.01"	0.0114040322932171	5.29172759939139e-15	0.000583229902104402	0.485358216570749	0.205840774730577
"TCGA.3A.A9IX.01"	0.205864010689082	0.0514368044420019	0.236568988461872	0.250484871969822	0.199515761396694
"TCGA.3A.A9J0.01"	0.0332332137704918	0.0451842758574225	0.0216241126536689	0.0908742042903355	0.0831013683190888
"TCGA.3E.AAAZ.01"	0.451184593851351	0.0933817966889389	0.00452240062613265	0.125928552198478	0.070238701204128
"TCGA.F2.7273.01"	0.223641420461934	0.299807258638825	0.134560143339088	0.151195970689007	0.155277918795864
"TCGA.F2.7276.01"	0.27161276485667	0.165741337134928	0.153821191189328	0.254880764697407	0.153943829371798
"TCGA.F2.A44G.01"	1.37554962371653e-14	0.0787791789693294	0.0251361443111913	0.104996156803974	0.0730294702417918
"TCGA.F2.A44H.01"	0.0228203424827055	0.141019613202707	0.101828058059135	0.0926998524050732	0.163879957228163
"TCGA.FB.A4P5.01"	0.276722014817529	9.52335092264526e-15	0.340128119783124	0.183752837149568	0.180789352673754
"TCGA.FB.A545.01"	1.11898954565695e-14	0.0762812999286427	1.11898954565695e-14	0.207936242564589	0.0778703656516445
"TCGA.FB.A7DR.01"	0.425946347561281	0.271581554866989	8.34316576820922e-15	0.0904008104971393	0.163458915861852
"TCGA.FB.AAPS.01"	0.192757138131404	0.306628211068554	0.285039140990583	0.0554771925168056	0.0974236259243871
"TCGA.H6.8124.01"	1.20444973835035e-14	0.107775000314509	1.20444973835035e-14	0.229642673054154	0.065916558132779
"TCGA.H6.A45N.01"	0.0561374237723466	0.0232737519889554	0.22263278314538	0.49347991764872	0.180919833049806
"TCGA.HV.A5A4.01"	1.33652835277962e-14	0.0113184851671575	0.0837321402804022	0.391659169575889	0.126095997576835
"TCGA.HV.AA8V.01"	6.02648709034695e-12	0.321923080269785	0.0269437999670841	0.159675745671714	0.260033235725042
"TCGA.HZ.7918.01"	0.0291898375956123	0.206692810715994	0.146979960305308	0.175185098729586	0.123905252056812
"TCGA.HZ.7920.01"	0.293877988664802	0.0587306528834166	0.138059321925698	0.393600953696755	0.115623260030789
"TCGA.HZ.7922.01"	0.0106015157065346	0.525420768912975	1.43919029196315e-14	0.0814382903672541	0.0306749760494321
"TCGA.HZ.7923.01"	0.42245532790149	7.49114175230258e-15	0.19844358586215	0.196383036212173	0.182718050024173
"TCGA.HZ.7925.01"	0.00970750717548015	0.738444901973151	0.0154233464275906	0.0110023000548494	0.0612372335425641
"TCGA.HZ.8001.01"	0.331118135782347	0.0222880361463349	0.218218119507198	0.174430430354404	0.173125031410422
"TCGA.HZ.8002.01"	0.444692736219575	0.110011515809842	0.0870128476986282	0.212945689652735	0.145337210619211
"TCGA.HZ.8003.01"	0.0538425663112217	1.24538037135267e-14	0.0527891719231639	0.144571760326012	0.112584875447729
"TCGA.HZ.8005.01"	2.18289430728114e-07	0.222616599441003	1.08801213232975e-14	1.08801213232975e-14	0.0133436880282925
"TCGA.HZ.8315.01"	0.00436109317556607	0.372572429199657	0.0484300269020862	0.155076537370112	0.32868264511027
"TCGA.HZ.8519.01"	0.365820583316372	2.58316679781959e-12	0.0994163359367881	0.424960757931867	0.109802322812382
"TCGA.HZ.8636.01"	1.96160660081062e-11	0.409883065194629	0.0238697889858564	0.294011324428998	0.159183694777275
"TCGA.HZ.8637.01"	0.0409412445194855	8.65536775219236e-15	0.313857948263834	0.407835522113112	0.176668468247892
"TCGA.HZ.A49G.01"	0.0666588033313835	1.22510865438313e-14	0.252239465903797	0.321516617007165	0.221627918393189
"TCGA.HZ.A49H.01"	0.350351600097482	9.47833582779139e-15	0.248817930087917	0.110790806134864	0.191218286995997
"TCGA.HZ.A77P.01"	0.636255211900502	0.0346712815634495	0.0190926209668671	0.108064326922899	0.188395584203041
"TCGA.HZ.A77Q.01"	0.191061256159226	0.498567171572034	0.243112633318203	0.00390453991988223	0.00855472951089592
"TCGA.IB.7645.01"	0.42358739371645	0.277114977398978	0.193684915762567	0.0677235211614273	0.0369191575890784
"TCGA.IB.7646.01"	9.98279448672693e-15	0.387331413723114	0.0513526823320712	0.0139085212712475	0.0358903107970049
"TCGA.IB.7647.01"	0.014949440542675	0.300974860278369	0.115727947717635	0.265559369048404	0.129254090111193
"TCGA.IB.7649.01"	0.123807801913564	0.137558281344553	0.162318126761789	0.182231855154324	0.201622371672784
"TCGA.IB.7651.01"	1.33735649373944e-14	0.253364069042143	0.0783551900211758	0.131321986005349	0.157167380165636
"TCGA.IB.7654.01"	0.0391801115174926	0.124360242909739	1.46986399839062e-14	0.169581369338079	0.130175747799706
"TCGA.IB.7885.01"	0.0868773313413025	0.319334105133694	0.0525590412704131	0.00162238000006178	0.146636646884254
"TCGA.IB.7886.01"	0.00233470334084831	0.369686902588195	1.32399095934765e-14	0.0854056988383765	0.0536466982323249
"TCGA.IB.7887.01"	1.14971023378276e-14	0.135040192464532	0.00513342366117319	0.0728043263436522	0.100708652166657
"TCGA.IB.7888.01"	0.243003895141839	0.246955805342985	0.204740342663797	0.150226306415909	0.128750790583499
"TCGA.IB.7890.01"	1.8233437959386e-06	0.622023390010129	1.15768215072964e-14	0.107298693306845	0.091217484021305
"TCGA.IB.7891.01"	0.0264082193344987	0.230575655363509	0.170241655491934	0.150411811873145	0.154564896736518
"TCGA.IB.7893.01"	9.49315080690113e-15	0.644456408345308	9.49315080690113e-15	0.0011537563672084	0.0152891154678505
"TCGA.IB.7897.01"	0.471358133765973	0.000560188285200078	0.0927162644281604	0.321132202373556	0.114233211147104
"TCGA.IB.8126.01"	0.269150020853327	1.04664680508891e-14	0.00977011452018974	0.074562243766444	0.176248400740626
"TCGA.IB.8127.01"	1.52231347243127e-14	0.213578205278895	0.0199579282750191	0.278943755687755	0.121462430767286
"TCGA.IB.A5SO.01"	0.0799333643595678	0.183808795726627	0.282645238472794	0.274630277862844	0.132174025470411
"TCGA.IB.A5SQ.01"	0.0726306356571283	0.273590179094935	0.13331596232229	0.318935695952131	0.121880732545939
"TCGA.IB.A5SS.01"	1.15577442681455e-14	0.415308716618117	0.00232115738701464	0.0152624848088604	0.0251055679005839
"TCGA.IB.A5ST.01"	0.310967960786694	0.115366917794364	0.366377052529275	0.0575182258319314	0.0603030079260283
"TCGA.IB.AAUP.01"	0.0563161621067108	0.175673036846123	0.477341307671956	0.203658575787379	0.0654164200107033
"TCGA.IB.AAUQ.01"	3.74230194697658e-05	0.0428603492539852	0.0288421671945504	0.362718001715714	0.371713413837116
"TCGA.IB.AAUR.01"	0.209045593664825	4.28315999015861e-05	0.557406353814115	0.116827851232755	0.0983696003109207
"TCGA.IB.AAUS.01"	0.0321207610227779	0.369311494750553	0.456552918767759	1.13506086873689e-14	0.0657470396848668
"TCGA.IB.AAUT.01"	0.0294447374956843	0.00849727359889522	0.312028795661433	0.26800192019441	0.253669246608605
"TCGA.IB.AAUV.01"	0.331958477043197	0.284776802446698	0.178958079946218	0.0652150745819559	0.139091565981923
"TCGA.M8.A5N4.01"	1.23124936323139e-14	0.0868016851694137	0.0491412475186318	0.0652472743989965	0.0408637480653224
"TCGA.PZ.A5RE.01"	1.06976055453448e-14	0.037549664342029	0.0511679013996137	0.0193910776180057	0.2733912174403
"TCGA.Q3.A5QY.01"	0.139121398611056	7.73456576240853e-15	0.49857837300518	0.0137302540677907	0.193446368759309
"TCGA.RB.A7B8.01"	1.23399385182387e-14	0.188321509839258	0.0714140026009901	0.0899877193700056	0.356384241269535
"TCGA.RL.AAAS.01"	0.138095921797717	0.000411321943866697	0.394186013809337	0.0960297741437432	0.199924782592742
"TCGA.US.A774.01"	1.17250611736735e-14	0.0869237933183049	0.101039865903665	0.0781554128912974	0.554907970097149
"TCGA.US.A77E.01"	0.00493304221107884	0.104771688338794	0.00798943060879025	0.20415300171582	0.184589316540952
"TCGA.US.A77J.01"	0.126521397514999	8.6718426916894e-15	0.452858511274177	0.115093481876331	0.22448330291514
"TCGA.XD.AAUG.01"	0.354187193038474	0.152665404746558	0.1105059657755	0.197076902995172	0.185564533444286
"TCGA.XD.AAUH.01"	0.36512289613152	7.23396599434912e-15	0.191821884825058	0.327813163956984	0.115242055086424
"TCGA.XD.AAUL.01"	0.00730375743655449	0.132150976211814	0.102681879329072	0.0566000413521919	0.313539380222525
"TCGA.XN.A8T3.01"	0.0125678655166433	0.0393553106669745	0.0647797878257693	0.377602182526001	0.267770076673789
"TCGA.XN.A8T5.01"	0.335318969419793	0.0598586883518553	0.296716902012666	0.183133798023753	0.124971642191923
"TCGA.YB.A89D.01"	0.061928166307687	0.256899926864222	0.131072115664907	0.224305810252271	0.182961682386324
"TCGA.YH.A8SY.01"	1.0853756988689e-14	0.31084452436753	0.0115578429424609	0.0112560060785012	0.0468304840421731
