"ID"	"S01"	"S02"	"S03"	"S04"	"S05"	"S06"	"S07"	"S08"
"TCGA.2J.AAB1.01"	0.182798347047589	0.0372150570002536	2.19580854935019e-11	0.00802262359951619	0.0764620456817585	0.0646074889429756	0.139192410956995	0.0771399330223236
"TCGA.2J.AAB4.01"	0.15629476640562	0.0354898524040209	8.8944212881697e-15	0.211292272141537	8.8944212881697e-15	0.0952287698190944	0.215610067278413	8.8944212881697e-15
"TCGA.2J.AABF.01"	0.164254845725141	0.369933860479751	0.0273264032142453	1.3908785883317e-14	0.036218806188294	0.0646997920552305	1.3908785883317e-14	0.0853019411689522
"TCGA.2J.AABH.01"	1.19548897087639e-14	0.0718915689372665	1.19548897087639e-14	0.07580145649807	1.19548897087639e-14	0.0278470980948282	0.11604629776988	1.19548897087639e-14
"TCGA.2J.AABI.01"	0.0315158645688576	8.90634084790667e-15	0.370253984538606	8.90634084790667e-15	8.90634084790667e-15	8.90634084790667e-15	0.421060817670807	0.0698405174267956
"TCGA.2J.AABK.01"	0.0804364274184364	9.24668208408022e-15	9.24668208408022e-15	0.0483896753486988	0.165671677985238	9.24668208408022e-15	0.0604475730599735	9.24668208408022e-15
"TCGA.2J.AABR.01"	0.28775475108534	0.134715605261681	9.01083242423862e-15	0.183701210070045	0.101071953932099	0.111366793522111	0.0182157602603999	0.0666536168193712
"TCGA.2J.AABV.01"	6.82444537401092e-15	6.82444537401092e-15	6.82444537401092e-15	6.82444537401092e-15	6.82444537401092e-15	6.82444537401092e-15	6.82444537401092e-15	6.82444537401092e-15
"TCGA.2L.AAQA.01"	1.78843029142258e-14	1.78843029142258e-14	1.78843029142258e-14	1.78843029142258e-14	1.78843029142258e-14	0.0657680388933999	0.162947429705529	0.124979461546267
"TCGA.2L.AAQE.01"	0.0396554139462246	5.96812303798494e-15	5.96812303798494e-15	5.96812303798494e-15	0.0162753600800847	0.0175836515198675	0.0407917558882254	0.0527096494979568
"TCGA.2L.AAQI.01"	1.09858458436905e-14	1.47193020125048e-08	1.09858458436905e-14	0.0998566407013405	0.11863900892574	1.09858458436905e-14	1.09858458436905e-14	0.0672493979322668
"TCGA.2L.AAQJ.01"	0.164064839262118	1.09536999284798e-14	1.09536999284798e-14	1.09536999284798e-14	0.031144836886495	0.0155642419177172	0.00509589458787213	0.0595773490409505
"TCGA.2L.AAQL.01"	7.80148474549983e-15	0.101428420687575	7.80148474549983e-15	7.80148474549983e-15	0.037809119993507	0.0184621363525079	7.80148474549983e-15	0.0409675981649644
"TCGA.2L.AAQM.01"	0.0308381827214187	4.53212483614182e-15	4.53212483614182e-15	4.53212483614182e-15	0.00376398779602993	4.53212483614182e-15	0.00510373547071627	4.53212483614182e-15
"TCGA.3A.A9I5.01"	0.0201936516269312	0.000669066554945986	0.00798774915685429	5.95903081739781e-15	0.0532037639538134	5.95903081739781e-15	5.95903081739781e-15	5.95903081739781e-15
"TCGA.3A.A9I9.01"	1.0374788460444e-14	0.158660121309502	1.0374788460444e-14	1.0374788460444e-14	0.00911824726496067	0.0213093236822541	0.00405699525112205	1.0374788460444e-14
"TCGA.3A.A9IH.01"	8.7005145694921e-15	0.0170108794509705	8.7005145694921e-15	8.7005145694921e-15	0.045067351778879	0.0322666697078598	8.7005145694921e-15	0.0327700214759293
"TCGA.3A.A9IJ.01"	0.00656088267255858	3.2754925366726e-15	3.2754925366726e-15	3.2754925366726e-15	0.00602697299284795	3.2754925366726e-15	3.2754925366726e-15	3.2754925366726e-15
"TCGA.3A.A9IL.01"	0.0441526343741035	5.07284611408664e-15	5.07284611408664e-15	5.07284611408664e-15	0.0304577097210774	0.00499596203732905	5.07284611408664e-15	5.07284611408664e-15
"TCGA.3A.A9IO.01"	4.25022239806231e-06	2.77362465296864e-15	2.77362465296864e-15	0.00217469107812056	2.77362465296864e-15	0.00534446309356501	2.77362465296864e-15	2.77362465296864e-15
"TCGA.3A.A9IR.01"	4.82413853256369e-15	4.82413853256369e-15	4.82413853256369e-15	4.82413853256369e-15	4.82413853256369e-15	4.82413853256369e-15	4.82413853256369e-15	4.82413853256369e-15
"TCGA.3A.A9IS.01"	0.0198238493493289	4.15100936483392e-15	4.15100936483392e-15	4.15100936483392e-15	4.15100936483392e-15	4.15100936483392e-15	4.15100936483392e-15	4.15100936483392e-15
"TCGA.3A.A9IU.01"	6.66180339169826e-15	0.0113951614517348	6.66180339169826e-15	6.66180339169826e-15	6.66180339169826e-15	6.66180339169826e-15	0.00802492110174384	0.0846479983886604
"TCGA.3A.A9IZ.01"	0.0524241234818055	1.21637400621162e-14	1.21637400621162e-14	1.21637400621162e-14	0.0152771090474074	1.21637400621162e-14	0.153900109817994	1.21637400621162e-14
"TCGA.3E.AAAY.01"	0.200617062863841	0.182987481912114	0.108183353760646	1.08872742912256e-14	0.309413962240523	0.00823457156509507	1.08872742912256e-14	0.0705856856775423
"TCGA.F2.6879.01"	2.07364657524597e-14	0.0662709963642397	2.07364657524597e-14	2.07364657524597e-14	2.07364657524597e-14	0.0544934641511758	0.114607351147486	0.337757956806936
"TCGA.F2.6880.01"	3.01316656661007e-15	3.01316656661007e-15	3.01316656661007e-15	3.01316656661007e-15	0.00542048431719305	3.01316656661007e-15	3.01316656661007e-15	3.01316656661007e-15
"TCGA.F2.A7TX.01"	0.0751948697305821	0.0373254982325573	0.523312625929068	1.17284774643428e-14	0.0676536576441111	1.17284774643428e-14	0.0133668848065295	0.0196596925319363
"TCGA.F2.A8YN.01"	7.82277528037732e-15	7.82277528037732e-15	7.82277528037732e-15	7.82277528037732e-15	7.82277528037732e-15	0.0526670568737629	7.82277528037732e-15	0.111947276406602
"TCGA.FB.A4P6.01"	0.102582475141811	0.115534966410221	8.25405484079377e-15	0.446532592397604	0.0953392336345536	0.0671539006365243	0.000595665522932249	0.0723478140498636
"TCGA.FB.A5VM.01"	0.0784264077308075	0.0565677433676825	0.0326793494282326	6.366533866873e-15	6.366533866873e-15	0.078922124744708	0.207591461917636	0.0445419207707785
"TCGA.FB.A78T.01"	0.0269094044040879	0.113285150297498	0.0113252417851071	8.25394487315495e-15	8.25394487315495e-15	0.0965418612980457	0.00488775085509231	8.25394487315495e-15
"TCGA.FB.AAPP.01"	1.1031848872969e-14	1.1031848872969e-14	1.1031848872969e-14	1.1031848872969e-14	1.1031848872969e-14	1.1031848872969e-14	1.1031848872969e-14	1.1031848872969e-14
"TCGA.FB.AAPQ.01"	1.60481007951097e-14	1.60481007951097e-14	1.60481007951097e-14	1.60481007951097e-14	1.60481007951097e-14	1.60481007951097e-14	1.60481007951097e-14	1.60481007951097e-14
"TCGA.FB.AAPU.01"	7.03331347760679e-15	7.03331347760679e-15	7.03331347760679e-15	7.03331347760679e-15	7.03331347760679e-15	0.0339184912262001	7.03331347760679e-15	7.03331347760679e-15
"TCGA.FB.AAPY.01"	0.32342227074822	0.101327654948307	6.3261363090411e-09	0.0557998096647515	9.69466829335366e-15	0.191683445432577	0.135791265335852	0.0706124542135984
"TCGA.FB.AAPZ.01"	0.218675478475086	0.113665978732482	1.21459712215162e-14	1.21459712215162e-14	0.0338078788100478	0.0555772381578687	0.284302897435244	0.112188106432035
"TCGA.FB.AAQ0.01"	1.86522384074814e-14	1.86522384074814e-14	1.86522384074814e-14	1.86522384074814e-14	1.86522384074814e-14	1.86522384074814e-14	0.0633487967840566	0.0498185565319603
"TCGA.FB.AAQ1.01"	7.67064959950266e-15	0.0944483271206968	7.67064959950266e-15	0.0256066001482068	0.0693513100274838	0.0732953772760502	0.0494152129237042	7.67064959950266e-15
"TCGA.FB.AAQ2.01"	0.000966707003120126	4.18448307248623e-15	4.18448307248623e-15	4.18448307248623e-15	0.0639775596705233	0.00720454788651197	0.0263923101541245	0.0262931730863663
"TCGA.FB.AAQ3.01"	0.0334298232073574	0.109210478321257	0.0154992080527376	1.1747021080388e-14	0.0078079790559354	0.00727241142247589	0.136199938827744	0.0483152045003242
"TCGA.FB.AAQ6.01"	1.65409454975248e-14	1.65409454975248e-14	1.65409454975248e-14	1.65409454975248e-14	1.65409454975248e-14	1.65409454975248e-14	1.65409454975248e-14	0.0448990979063784
"TCGA.H8.A6C1.01"	0.225390643858371	0.143920093336281	0.0339779285901595	1.39015557581688e-14	1.39015557581688e-14	0.279779324979081	0.0355228461564543	0.0526632563789322
"TCGA.HV.A5A3.01"	6.74275195829892e-15	6.74275195829892e-15	6.74275195829892e-15	6.74275195829892e-15	6.74275195829892e-15	0.0117344618396899	2.83332085978834e-11	0.0864276521054563
"TCGA.HV.A5A5.01"	0.181720986872285	0.0860689578903908	1.06097750452708e-14	0.112097040468594	0.0801292365750855	0.104863465189057	1.06097750452708e-14	0.0571922559333602
"TCGA.HV.A5A6.01"	9.0825202730985e-15	9.0825202730985e-15	9.0825202730985e-15	9.0825202730985e-15	9.0825202730985e-15	9.0825202730985e-15	9.0825202730985e-15	0.135305529695937
"TCGA.HV.A7OL.01"	0.129886593870426	0.004949941883147	0.241172137066865	7.23610620962996e-15	7.23610620962996e-15	7.23610620962996e-15	7.23610620962996e-15	7.23610620962996e-15
"TCGA.HV.A7OP.01"	7.32872999363909e-15	7.32872999363909e-15	7.32872999363909e-15	7.32872999363909e-15	7.32872999363909e-15	7.32872999363909e-15	7.32872999363909e-15	7.32872999363909e-15
"TCGA.HV.AA8X.01"	1.89095864775904e-14	1.89095864775904e-14	1.89095864775904e-14	0.107085594814896	0.0238644201170395	1.89095864775904e-14	0.0206165398780903	0.0105690910745501
"TCGA.HZ.7289.01"	9.82550715073852e-15	9.82550715073852e-15	9.82550715073852e-15	9.82550715073852e-15	9.82550715073852e-15	9.82550715073852e-15	9.82550715073852e-15	0.0354133653653781
"TCGA.HZ.7919.01"	0.0884685873660329	0.00735874699884201	0.0971203538595056	1.12791547559928e-14	1.12791547559928e-14	0.123884518548758	0.0946060210860002	0.250734453106921
"TCGA.HZ.7924.01"	2.9987213533528e-09	0.0676544534665683	4.8952037419541e-15	0.0696405571185717	0.0570042464151375	0.0399790729600146	4.8952037419541e-15	0.00381340961829054
"TCGA.HZ.7926.01"	0.0806426974413518	0.0578023765304988	7.62678979440206e-15	0.106894571225739	0.06933223703062	0.0596930192172841	0.0906770908408736	0.0999283602251489
"TCGA.HZ.8317.01"	1.7863517252214e-14	0.0141822643521	1.7863517252214e-14	0.0366363061159204	0.550173269308031	1.7863517252214e-14	0.266815513804619	1.7863517252214e-14
"TCGA.HZ.8638.01"	0.0640206835460085	6.63678895719151e-15	6.63678895719151e-15	0.187406053823643	0.107826861861631	6.63678895719151e-15	0.105400408187343	6.63678895719151e-15
"TCGA.HZ.A49I.01"	0.0367001371786415	0.133688737619707	8.76254735491157e-12	4.52087651194686e-15	4.52087651194686e-15	0.0367076661881492	0.0712351058032469	0.0387791619270794
"TCGA.HZ.A4BH.01"	0.218513607426354	0.0311547466823375	4.18341917102215e-08	0.159014722209978	0.189481881389077	0.0224753761194623	0.073930921291476	0.0969766267765864
"TCGA.HZ.A4BK.01"	0.0146854656937668	0.100588833340758	0.0415335083203119	5.76994835540532e-15	0.0138838577277834	0.0642979813157303	0.00787740564977305	0.0368713218121863
"TCGA.HZ.A77O.01"	1.0002476873943e-14	0.0266657982766473	1.0002476873943e-14	1.0002476873943e-14	0.0090487677652972	0.024705642469936	0.0326630014458257	0.0291360621672561
"TCGA.HZ.A8P0.01"	0.0441762618886188	1.79632849136262e-14	1.37888957095806e-14	1.37888957095806e-14	0.184436957329739	1.5576932384158e-05	1.37888957095806e-14	0.00336821803129564
"TCGA.HZ.A8P1.01"	1.91962690195108e-14	1.91962690195108e-14	1.91962690195108e-14	0.0530311546226629	1.91962690195108e-14	0.0231238358452775	0.0281523743906987	1.91962690195108e-14
"TCGA.HZ.A9TJ.01"	8.01721616245684e-15	8.01721616245684e-15	0.0241491834759557	8.01721616245684e-15	0.00282306539749877	8.01721616245684e-15	8.01721616245684e-15	0.0262082688294401
"TCGA.HZ.A9TJ.06"	0.0618616385251357	9.76867701954701e-15	9.76867701954701e-15	9.76867701954701e-15	0.0517618512804263	9.76867701954701e-15	9.76867701954701e-15	0.0473398394414111
"TCGA.IB.7644.01"	0.040607514950381	9.76271732880075e-15	9.76271732880075e-15	9.76271732880075e-15	3.34255523357275e-13	0.107193984902072	0.0185899578964173	0.128758435547717
"TCGA.IB.7652.01"	5.27980421875564e-15	0.189584193092092	5.27980421875564e-15	5.27980421875564e-15	0.0315399125882239	0.0390871584400348	0.0415507597284784	0.115915076887359
"TCGA.IB.7889.01"	0.0381704205864764	0.130239049425368	5.71504108785571e-15	5.71504108785571e-15	0.0361323929151987	0.0451603639222748	0.0389146904702876	0.0194877259259589
"TCGA.IB.A5SP.01"	2.72000089380666e-14	0.0280778719456259	2.72000089380666e-14	2.72000089380666e-14	2.72000089380666e-14	0.0145764706548478	2.72000089380666e-14	2.72000089380666e-14
"TCGA.IB.A6UF.01"	8.64299298737646e-15	8.64299298737646e-15	8.64299298737646e-15	0.00469072246482737	0.0781733544969976	8.64299298737646e-15	3.61465774377174e-07	0.109327274576302
"TCGA.IB.A6UG.01"	0.0316551216067226	0.016313713847316	0.0176989855059767	0.0205409496073623	0.0523553238973765	0.0241074251230277	7.24979187508684e-15	0.0339488140820081
"TCGA.IB.A7LX.01"	8.35776681792822e-15	8.35776681792822e-15	8.35776681792822e-15	8.35776681792822e-15	8.35776681792822e-15	8.35776681792822e-15	0.0445854758536057	0.145918268701687
"TCGA.IB.A7M4.01"	0.0616720160578571	8.5286550350344e-15	0.122719871700465	8.5286550350344e-15	8.5286550350344e-15	0.0163170086311324	0.0962428193188474	0.104197824342883
"TCGA.IB.AAUM.01"	0.0274353674570756	7.72769918519212e-15	0.0150014234373002	0.0019193122332533	0.113911541809373	7.72769918519212e-15	7.72769918519212e-15	7.72769918519212e-15
"TCGA.IB.AAUN.01"	7.14312250660342e-15	7.14312250660342e-15	0.0229060193748617	0.00955156996841625	0.0414259835234525	0.0545560064014008	0.014153987566029	0.0743353565899308
"TCGA.IB.AAUO.01"	7.78996727064538e-15	0.0274916745534355	0.171597401036361	0.0513293526755507	7.78996727064538e-15	0.0724291314304358	0.0755199512590383	7.78996727064538e-15
"TCGA.IB.AAUU.01"	0.0386580324591996	0.14730194607053	0.0143691735631425	8.2221074591026e-15	8.2221074591026e-15	0.082338787124096	0.0928242542288347	0.0241459244988755
"TCGA.IB.AAUW.01"	0.209617806581207	0.0297895930794098	1.06640097695261e-14	0.171027745229142	0.491983037281635	0.00743974592217831	1.06640097695261e-14	1.06640097695261e-14
"TCGA.L1.A7W4.01"	0.019578818462631	7.96089390477523e-15	7.96089390477523e-15	7.96089390477523e-15	7.96089390477523e-15	7.96089390477523e-15	0.043273626498836	0.105056730082661
"TCGA.LB.A7SX.01"	0.102771658074737	1.37186329678976e-14	1.37186329678976e-14	1.37186329678976e-14	0.0267144943569143	1.37186329678976e-14	0.108024950865226	0.078820749598719
"TCGA.LB.A8F3.01"	1.58728760470673e-14	1.58728760470673e-14	0.115421622013018	1.58728760470673e-14	1.58728760470673e-14	1.58728760470673e-14	1.58728760470673e-14	1.58728760470673e-14
"TCGA.LB.A9Q5.01"	1.59565653636782e-14	0.183893773037353	1.59565653636782e-14	0.139453307226806	0.156669662948864	0.0704489625173185	0.0507530235407128	1.59565653636782e-14
"TCGA.OE.A75W.01"	0.108000117085972	0.0238431932621533	0.114017341542355	1.17925334629337e-14	1.17925334629337e-14	0.0820958882465014	1.17925334629337e-14	0.115187897824611
"TCGA.Q3.AA2A.01"	0.0100278266451085	0.0592619931279833	2.70152894638342e-12	0.035380256881872	0.000777092593808902	0.0170513367320019	5.20665229540302e-11	0.0498155759380343
"TCGA.RB.AA9M.01"	0.0961696963881223	0.0222715809953104	1.23280949061672e-14	0.230256083565439	0.211082545742041	0.0130255242199705	0.198034060436521	0.0187613830823516
"TCGA.S4.A8RM.01"	0.0870862630184478	9.2894148141989e-15	9.2894148141989e-15	9.2894148141989e-15	9.2894148141989e-15	0.0607526826983169	0.0208584912539724	0.0460314290136409
"TCGA.S4.A8RO.01"	9.70971281723076e-15	0.0535563839884592	0.143783223376659	9.70971281723076e-15	9.70971281723076e-15	9.70971281723076e-15	0.0139105707409099	0.0382741031232101
"TCGA.S4.A8RP.01"	0.12536837873419	0.170547878545182	1.63765631363104e-14	1.63765631363104e-14	0.134856764886121	0.124396311932559	1.63765631363104e-14	0.101136125997629
"TCGA.US.A776.01"	4.75295972150694e-15	4.75295972150694e-15	4.75295972150694e-15	4.75295972150694e-15	4.75295972150694e-15	4.75295972150694e-15	4.75295972150694e-15	0.0325877502867517
"TCGA.US.A779.01"	1.09429257452441e-14	1.09429257452441e-14	1.09429257452441e-14	1.09429257452441e-14	0.00930671333223497	1.09429257452441e-14	1.09429257452441e-14	1.09429257452441e-14
"TCGA.US.A77G.01"	6.60135837224214e-15	6.60135837224214e-15	6.60135837224214e-15	6.60135837224214e-15	0.00995874480486771	6.60135837224214e-15	0.011966176105362	6.60135837224214e-15
"TCGA.XD.AAUI.01"	0.283717703981836	0.0819341924387588	1.03948178595606e-14	0.122309059143028	0.0255293327702401	0.056226375906279	0.295711663266044	0.0629524057644392
"TCGA.YY.A8LH.01"	8.48212110299388e-15	8.48212110299388e-15	0.021027975575247	8.48212110299388e-15	8.48212110299388e-15	0.0122072687681382	0.0330836506520869	8.48212110299388e-15
"TCGA.Z5.AAPL.01"	0.2640679586954	0.0542457213341395	0.0245281376555298	4.3796295359307e-15	0.0211837477143644	0.0134525401769139	0.0794181146655571	0.0173593413792951
