"ID"	"S01"	"S02"	"S03"	"S04"	"S05"	"S06"	"S07"	"S08"
"TCGA.2J.AAB6.01"	0.00101483236154651	8.5004485511306e-15	0.0221615590139623	0.022774088698162	8.5004485511306e-15	8.5004485511306e-15	0.121228473215929	0.0410815988709001
"TCGA.2J.AAB8.01"	1.33320594256018e-14	0.00231023394365956	0.0113137816385908	0.0322152974964328	1.33320594256018e-14	0.00592935412747183	0.138898631081059	0.0780797294218442
"TCGA.2J.AAB9.01"	1.14622779004822e-07	0.00238969923446868	1.59839200951595e-14	0.0392326324548254	0.0248500437783255	0.00110810151609262	0.069616392928633	0.0333052998622713
"TCGA.2J.AABA.01"	0.00031997791687204	1.30372372698812e-14	0.00152488839007571	1.30372372698812e-14	0.0510452734232835	0.00490945153796828	0.0212333720169254	0.0496871264866511
"TCGA.2J.AABE.01"	1.31311137013559e-14	0.147920553231164	1.31311137013559e-14	0.0439333458817014	1.31311137013559e-14	0.0438695339170009	0.0720913679905051	0.0241727857520235
"TCGA.2J.AABO.01"	9.60024903147179e-15	9.60024903147179e-15	9.60024903147179e-15	0.0209960646851369	0.00575490867293384	0.020308405470615	0.0581166988399277	0.015652908409197
"TCGA.2J.AABP.01"	0.00808624550832621	0.0488902973215457	0.196609394438342	0.00926045114200876	0.0183591908702079	5.96234460965748e-15	0.0358599582586614	0.141812383814742
"TCGA.2J.AABT.01"	0.0608813378861972	0.0917080320214771	5.9243233713467e-06	0.200356675015793	0.112536407288064	1.30714124746135e-14	0.00195707974801968	1.30714124746135e-14
"TCGA.2J.AABU.01"	8.80883817168463e-15	8.80883817168463e-15	0.00142104210624565	0.00978052295039511	0.0332902256911059	0.0475960154065615	0.0982149225059207	0.0246631210051685
"TCGA.3A.A9I7.01"	0.0776949165167101	0.00130098944376866	0.01894025255215	0.075156504417885	5.02888742915486e-12	0.0253036895901524	0.0525102219753502	0.0832656368253176
"TCGA.3A.A9IB.01"	1.8788086991728e-14	0.0379299864689006	0.0260212085908479	0.038800617793593	0.0113727956644537	1.8788086991728e-14	0.139857179504321	0.0319115320837773
"TCGA.3A.A9IC.01"	0.00048071449428687	0.000607507305456541	1.37440396196665e-14	0.0154628696938729	1.37440396196665e-14	0.00316855397551076	0.0708266551586943	0.184923240899717
"TCGA.3A.A9IN.01"	6.39497767308276e-15	6.39497767308276e-15	6.39497767308276e-15	0.0821072487306604	0.103892970518761	7.73872144355306e-05	6.39497767308276e-15	6.39497767308276e-15
"TCGA.3A.A9IV.01"	6.39610805900047e-15	6.39610805900047e-15	6.39610805900047e-15	0.0504042674080965	6.39610805900047e-15	6.39610805900047e-15	0.00869479349963369	6.39610805900047e-15
"TCGA.3A.A9IX.01"	0.265261954948533	0.0322734284566723	0.0116693193613497	0.0603331279980676	0.172843948476604	0.104673824321983	0.0358409230333991	8.20203470319362e-05
"TCGA.3A.A9J0.01"	0.0128788390835632	1.9306838789274e-12	1.01308790941539e-14	0.0170462624001931	1.01308790941539e-14	1.01308790941539e-14	0.0328753702954555	0.00785465757025462
"TCGA.3E.AAAZ.01"	1.29303088728485e-14	1.29303088728485e-14	1.29303088728485e-14	0.118204948049859	0.00998034382771758	1.29303088728485e-14	0.0239134745301062	0.0350765883148648
"TCGA.F2.7273.01"	0.117896270506935	0.132152914654065	0.0600869417725264	0.0882689431983853	0.220140644011754	0.0126925793802532	0.0330030477242701	0.0278922454147769
"TCGA.F2.7276.01"	0.149524340436192	0.0700436939275622	0.0173311499760865	0.0389563045909606	0.164588003291567	0.00970630384400083	0.17196878115733	0.0350374457768684
"TCGA.F2.A44G.01"	1.26425574344098e-14	0.0236562746417646	0.0108175546597865	0.016340951071778	1.26425574344098e-14	0.0143329913411554	0.170037640653555	0.00814584667376789
"TCGA.F2.A44H.01"	1.31056816255137e-14	0.132582999541921	1.31056816255137e-14	3.97872163750696e-13	0.00930144138913591	0.0733397439119695	0.020145964788217	0.0630727667326215
"TCGA.FB.A4P5.01"	0.304086623157809	0.0780055905413336	0.0646182478161163	0.0224809467455177	0.0870158054750821	0.00678480497239078	0.0404064921160236	0.00312128950892315
"TCGA.FB.A545.01"	9.03375683749548e-15	9.03375683749548e-15	9.03375683749548e-15	0.0333746424055107	9.03375683749548e-15	9.03375683749548e-15	0.0550189485844497	0.0335787024364136
"TCGA.FB.A7DR.01"	0.00257245144451226	0.00532796391627834	0.201352738666126	0.144928169214092	0.0543384649497311	1.31914040987419e-14	0.0264053835093133	0.0652101293335909
"TCGA.FB.AAPS.01"	0.162635391753072	0.0200422514148022	0.0649165345684775	0.0314622862284979	0.118574263858287	1.33675102414243e-14	0.0194971267615602	0.27376132809617
"TCGA.H6.8124.01"	9.20762572292011e-15	9.20762572292011e-15	2.9148932824934e-06	0.0186395439713883	9.20762572292011e-15	0.0188941009652488	0.144209944288415	0.0335338476149609
"TCGA.H6.A45N.01"	0.0751975340617333	0.0324541003765222	0.00988472931485179	0.122364926669189	0.0242066695083025	0.0496099203558655	0.0173110433940271	0.0109897993056399
"TCGA.HV.A5A4.01"	1.19385851205158e-14	1.19385851205158e-14	0.000666397899288404	0.0352480556987266	1.19385851205158e-14	0.042617976683978	0.0251949365589579	0.0229952667776036
"TCGA.HV.AA8V.01"	1.54752203951554e-14	0.0520668540761138	0.00162246973544771	0.00925097758210629	0.0215014368635481	0.00319835579174586	0.0316846976726688	0.127022508760053
"TCGA.HZ.7918.01"	0.242673783575839	0.0419049016107102	0.196551048922628	0.0409164055506091	0.0175989430841897	1.2589786031117e-14	0.0172028208579488	1.2589786031117e-14
"TCGA.HZ.7920.01"	0.111880132274413	0.0141736772683833	0.0467526744190749	0.0619952627954159	0.189220674218211	0.0105648265901632	0.0423398917319043	8.27212294360607e-15
"TCGA.HZ.7922.01"	0.00951100964188748	0.0100525402766557	0.00628290155514404	0.0201986614643236	0.00469900182962908	0.0467817958065157	0.00550900022214898	0.165203755462937
"TCGA.HZ.7923.01"	0.221445693786479	0.126016264927099	0.0271303493131016	0.0846971311672317	0.142167037465676	0.0782898951128981	0.0182058277666386	0.0222362788257385
"TCGA.HZ.7925.01"	1.41727067731831e-14	0.0513482450254817	0.0716112793064656	0.00479710436906913	0.0448179882261919	1.41727067731831e-14	0.121252536107248	0.271897161601116
"TCGA.HZ.8001.01"	0.106172135449792	0.0649638051131683	0.0263774906628876	0.0332840025531911	0.107829811909897	0.0550647069131974	0.0381070732384076	0.0393409503145286
"TCGA.HZ.8002.01"	0.11710567740363	0.111520057398535	0.030705665921812	0.114643378762833	0.192319250935412	0.0679194996278425	0.063951877762003	0.0332363826031328
"TCGA.HZ.8003.01"	0.10272986803203	0.0259121324454934	0.0752740296878834	0.0474190526004364	0.0295559347915364	1.63749284741721e-14	0.00342869279032283	1.63749284741721e-14
"TCGA.HZ.8005.01"	1.1187493339065e-14	0.00836650928525663	0.0907360707816296	0.0580506134774495	1.1187493339065e-14	1.1187493339065e-14	0.0985575448133101	0.0413790782657828
"TCGA.HZ.8315.01"	0.0155685697384048	0.0933165012770451	0.0873328821090257	0.0690555677153484	0.040189824412184	0.0766804938313271	0.134202456824504	0.0809984700036919
"TCGA.HZ.8519.01"	0.0663655050499145	9.31283172940841e-15	0.0366736246489624	0.0737228050350064	0.204146607423764	0.0178285194326803	0.00322393327731348	9.31283172940841e-15
"TCGA.HZ.8636.01"	0.0147483529527375	0.126078637707272	0.0193535517979794	0.024064295239521	1.07186659664097e-14	0.136352671023004	0.130451107750409	0.0707813313156118
"TCGA.HZ.8637.01"	0.307142947029683	0.0638713669634944	0.198899585503998	0.0217075976765184	0.0107748640198429	0.0529447937600069	0.0139495467271273	0.00709350822964013
"TCGA.HZ.A49G.01"	0.074007045011839	0.194358417916115	0.00678278896267137	0.0814578674942002	0.084982521456146	0.0570605246391787	0.0118314635184765	1.08428391704144e-14
"TCGA.HZ.A49H.01"	0.164935963674473	1.23818528952239e-14	0.076084491256547	0.0204300955061766	0.275215950840184	0.0871973435410379	0.053865420301166	1.23818528952239e-14
"TCGA.HZ.A77P.01"	1.38879523208764e-14	0.0154946467744534	0.00143169465852867	0.172897762074343	0.252929133299628	0.0117991308830225	0.00242556154474282	1.38879523208764e-14
"TCGA.HZ.A77Q.01"	0.149003676923983	0.163763626571477	8.00369812662341e-07	0.081875861680528	0.0575569826859951	0.0425856913263373	0.151225267060956	0.202786702034821
"TCGA.IB.7645.01"	0.147136674068283	0.156985152419097	0.0550575752527624	0.0430730070643584	0.151235981492561	0.0365400900035288	0.0935078100648813	0.107038909617167
"TCGA.IB.7646.01"	8.63939985894847e-15	0.022015186202184	0.151244664858091	8.63939985894847e-15	0.00349727961984148	8.63939985894847e-15	0.0901554482335345	0.0497851965367208
"TCGA.IB.7647.01"	0.175675689673995	0.0862073055183082	0.00852910159651599	0.0732409112047228	0.0268226339255744	0.0692044346010659	0.0152948066955043	0.0051838771940396
"TCGA.IB.7649.01"	0.0783848817511031	0.150602746690504	0.0176193339547068	0.0514551131589447	0.125462762609399	0.0776254005382318	0.0347984611293365	0.00320124843369743
"TCGA.IB.7651.01"	0.0503283978332266	0.0131062960255922	0.293227891106953	0.00441470209424748	0.0218630497136745	1.43419607817318e-14	0.112573306703683	0.0528612034424535
"TCGA.IB.7654.01"	1.49328535380869e-14	0.00521386637976223	1.49328535380869e-14	0.0534327810332068	0.00428863100764324	1.49328535380869e-14	0.0157833908780053	0.0427681145177125
"TCGA.IB.7885.01"	0.0559479856033027	0.121860621697333	0.0119397384378787	0.0359104485273	0.0185102730589638	0.0500059912144963	0.27858282128544	0.0671056221959383
"TCGA.IB.7886.01"	1.46005437073704e-14	0.0406058632230275	0.0697734076830553	0.0353532797799779	0.0166040177311076	1.46005437073704e-14	0.0952463194873939	0.0970247721731689
"TCGA.IB.7887.01"	0.00646451964378659	1.32376455721419e-14	0.00254164030963755	1.32376455721419e-14	1.32376455721419e-14	0.0118640989375886	0.147753999635237	0.0301354734764533
"TCGA.IB.7888.01"	0.187564129392509	0.080065069941676	0.00371978399112061	0.0180999846490136	0.169063646879458	0.00569444417252355	0.0370768880524947	0.0309883860380639
"TCGA.IB.7890.01"	1.21190350155862e-14	0.0275677625132047	1.21190350155862e-14	0.0341513802866882	0.0191801904745757	0.00401858851212486	0.0270476557326609	0.216861719313503
"TCGA.IB.7891.01"	0.128420965767231	0.0504063472349507	0.0543035869454786	0.0298924821978784	0.00162993199021694	0.0969818719111994	0.0844230640915345	0.00110787136679377
"TCGA.IB.7893.01"	0.000528137224371645	0.00969145043748662	0.0158276599368523	1.10311088411366e-14	1.10311088411366e-14	1.10311088411366e-14	0.128686857787286	0.317952646513755
"TCGA.IB.7897.01"	0.17465262430837	0.0324161280177624	0.0407524878210701	0.0995366365739183	0.168119811405787	0.0400967374567323	0.0300240241159661	0.0206950657032689
"TCGA.IB.8126.01"	0.0712621882202548	1.6174826540031e-14	0.0775763554504485	0.0417680125246468	0.0451961144916143	1.6174826540031e-14	0.0629580508816581	1.6174826540031e-14
"TCGA.IB.8127.01"	0.0401279495106604	0.0946752038905382	0.0319566490049775	0.0501832935859572	1.22884706092271e-14	0.0296181833405989	0.0912972608053962	0.059691496306705
"TCGA.IB.A5SO.01"	0.221041406408791	0.0441096123182307	0.0499988886176747	0.0337493307206095	0.101958278362728	1.51683526635147e-14	1.51683526635147e-14	0.0974013787073808
"TCGA.IB.A5SQ.01"	0.0353890812139177	0.0394307393070617	0.00688649114898911	0.0400351410578675	0.0212390503400627	0.131434608716406	0.069647169715652	0.078105967899422
"TCGA.IB.A5SS.01"	1.38116293089243e-14	0.0841633724176118	0.0245814635284055	0.0144229628166972	1.38116293089243e-14	1.38116293089243e-14	0.217936428058942	0.09880254368471
"TCGA.IB.A5ST.01"	0.378296582774516	0.063268863539486	0.0513214740104814	0.0238783112986911	0.12607565685858	1.13172736123931e-14	0.0253055438154356	0.00899066527019752
"TCGA.IB.AAUP.01"	0.539170063109847	9.62426397842465e-15	0.0183010388066745	9.62426397842465e-15	0.010260652450166	0.0544189609610689	9.62426397842465e-15	0.0548110353120269
"TCGA.IB.AAUQ.01"	9.75814668924139e-15	9.75814668924139e-15	0.030127398375122	0.0704140480725066	0.0162207126266187	9.75814668924139e-15	0.0998175452129169	0.0195827783074025
"TCGA.IB.AAUR.01"	0.462152355020318	0.0344113045570029	0.0509192636924479	0.00195530711401293	0.108929581230373	0.088210702313602	0.0420724106435481	0.0106373117876086
"TCGA.IB.AAUS.01"	0.139314033636927	0.297272664833127	0.0889121787282018	0.0120428648524882	0.0377844644676408	0.0458236672458574	0.0528539450445706	0.111050197631946
"TCGA.IB.AAUT.01"	0.21686112935549	0.0150848848855005	0.0437918211468739	0.078741728560029	0.0727695547001404	0.0361140589522149	0.0548993796598398	1.32031564927764e-14
"TCGA.IB.AAUV.01"	0.146867003505891	0.050585251579322	0.025162140949276	0.0385259297689875	0.218619234587021	0.0166248018417721	0.0222969942427588	0.111937786178669
"TCGA.M8.A5N4.01"	0.0023670119040982	0.0631305070599194	0.0610755735595175	1.38457624840925e-14	1.38457624840925e-14	1.38457624840925e-14	0.131100330082254	1.38457624840925e-14
"TCGA.PZ.A5RE.01"	1.26809879883198e-14	0.069700424571068	0.0921962146593977	0.0121130048089917	1.26809879883198e-14	0.0881996486973846	0.0245698445797236	0.0636305407485016
"TCGA.Q3.A5QY.01"	0.535215166079076	0.0729892812816039	0.00270179520896133	0.00616289896240357	0.0594080474086504	0.0530660467921497	0.0333428111787897	8.2765559009571e-15
"TCGA.RB.A7B8.01"	0.0254149605776792	0.00593110811177139	1.57532536695049e-14	0.00513064677318364	1.57532536695049e-14	0.031557868784973	0.0433569902826726	0.0684148640854717
"TCGA.RL.AAAS.01"	0.169789566807044	1.0958266667855e-14	0.0278666419787745	0.0148324727221306	0.140068422274346	0.110991187512008	0.0600022955408884	0.00974181535707691
"TCGA.US.A774.01"	0.113822693955283	0.0359520316587963	0.0192125883763187	0.0878663887622699	0.0413331291928398	0.0608176987312683	0.102527068199677	0.06371640804321
"TCGA.US.A77E.01"	0.011046191718318	1.54912918221965e-14	1.54912918221965e-14	1.54912918221965e-14	0.0179415848444291	1.54912918221965e-14	0.0138553788135044	0.0198067487688
"TCGA.US.A77J.01"	0.415184410080553	0.00683046055450458	0.00961770378762547	0.00834234056745936	0.106004330539336	0.0433076533530022	0.0799780615527257	8.49068897243276e-15
"TCGA.XD.AAUG.01"	0.0116002747880405	0.00414607863564993	1.00153966387464e-14	0.0725406220307807	0.197109413168624	0.0239247906417986	0.0156872770954172	0.108829826733555
"TCGA.XD.AAUH.01"	0.221681868632323	9.34949363498098e-15	0.000541516740901392	0.0318468816484044	0.235177869457604	9.34949363498098e-15	0.022964930542579	0.00668243105224927
"TCGA.XD.AAUL.01"	1.41889994817529e-14	0.0776777073222728	0.00987465335973508	0.0480957640477842	4.05533896241188e-11	0.097219719172747	0.0468056555123803	0.00479951954227185
"TCGA.XN.A8T3.01"	1.23311992119179e-14	1.23311992119179e-14	0.0220282101112728	0.0567469277963538	1.23311992119179e-14	1.23311992119179e-14	0.030792392089362	0.000326720861253875
"TCGA.XN.A8T5.01"	0.251055275717634	9.72895036260434e-15	0.0115246398846054	0.0161220794727263	0.256597694182078	9.72895036260434e-15	0.0240286562704684	0.0707954547593598
"TCGA.YB.A89D.01"	0.0015317317097297	0.0500914169931238	0.0208337320623647	0.0114222513172507	1.23499675143043e-14	0.182752587583537	0.0956612022689092	0.167318249445158
"TCGA.YH.A8SY.01"	9.66555360689331e-15	9.66555360689331e-15	0.0117361341305535	0.0275270692585948	9.66555360689331e-15	0.00260024543892706	0.053154223260761	0.15572868611791
