"ID"	"S01"	"S02"	"S03"	"S04"	"S05"	"S06"
"TCGA.2J.AAB1.01"	0.062739624862496	0.0400699505675002	7.69914236058947e-15	7.69914236058947e-15	7.69914236058947e-15	0.0725034893497839
"TCGA.2J.AAB4.01"	7.50112630253869e-15	0.15546298552888	7.50112630253869e-15	7.50112630253869e-15	0.10047706578434	7.50112630253869e-15
"TCGA.2J.AABF.01"	0.107526239092177	0.168844528554165	1.53086877445611e-14	0.173412710107554	0.109902505573106	0.00275374694793934
"TCGA.2J.AABH.01"	1.17826903199647e-14	0.136107979805234	1.17826903199647e-14	0.0477392410997653	0.0731400322835772	1.17826903199647e-14
"TCGA.2J.AABI.01"	0.190652513566927	9.98658137286223e-15	9.98658137286223e-15	9.98658137286223e-15	9.98658137286223e-15	9.98658137286223e-15
"TCGA.2J.AABK.01"	0.0424604207191578	0.0797343909885608	0.052460846394662	0.102128117925555	0.157794397470837	3.27450338537301e-13
"TCGA.2J.AABR.01"	0.147235319599161	0.111994365645189	1.12930939099357e-14	0.0407765221536313	0.110715942010021	0.0921577393036006
"TCGA.2J.AABV.01"	2.92917514543438e-15	1.62278921415189e-08	2.92917514543438e-15	0.048977744987247	0.0239486771800689	2.92917514543438e-15
"TCGA.2L.AAQA.01"	1.69683099106917e-14	0.0325174749001845	1.69683099106917e-14	1.69683099106917e-14	1.69683099106917e-14	0.0089801868667852
"TCGA.2L.AAQE.01"	0.178154016571963	1.88096446141523e-14	1.88096446141523e-14	1.88096446141523e-14	1.88096446141523e-14	1.88096446141523e-14
"TCGA.2L.AAQI.01"	1.50117260473502e-14	0.0372439485320588	1.50117260473502e-14	0.0868220727194027	0.160253334749454	0.135203563993508
"TCGA.2L.AAQJ.01"	0.251734026616877	1.05672231785337e-14	1.05672231785337e-14	1.05672231785337e-14	1.05672231785337e-14	0.24558116277304
"TCGA.2L.AAQL.01"	0.0585191942544252	0.036720971686254	1.05088853171293e-14	0.0615374531562927	0.0861917298743562	0.0346246315559236
"TCGA.2L.AAQM.01"	6.20897925465251e-15	6.20897925465251e-15	0.451154529457089	6.20897925465251e-15	6.20897925465251e-15	6.20897925465251e-15
"TCGA.3A.A9I5.01"	0.244377562454186	1.65566429526128e-14	0.00415186214893176	0.0174862875638347	1.65566429526128e-14	1.65566429526128e-14
"TCGA.3A.A9I9.01"	1.35110171981647e-14	0.0117154600008771	1.35110171981647e-14	0.122791937587939	0.125531262119159	0.0275185275187238
"TCGA.3A.A9IH.01"	0.0107053050676483	0.0118722376135395	0.0121493901481312	1.60589427912533e-14	0.0741456535832487	0.0709211104988838
"TCGA.3A.A9IJ.01"	2.64899656413914e-15	0.0341614475359069	0.147918356369048	2.64899656413914e-15	0.00275757585666968	2.64899656413914e-15
"TCGA.3A.A9IL.01"	8.71690008874457e-15	0.0100977626147243	0.235653204533053	8.71690008874457e-15	0.124630531207833	0.0883931200013257
"TCGA.3A.A9IO.01"	4.87196601089208e-15	0.0376109917874825	0.212662856794131	0.0133408414168539	0.0633670389283172	0.185145597479532
"TCGA.3A.A9IR.01"	5.12538003442318e-15	0.00319759236095947	5.12538003442318e-15	5.12538003442318e-15	0.00190317720593477	0.154149453158755
"TCGA.3A.A9IS.01"	5.24584330072573e-15	0.073342428063367	0.236197189823521	5.24584330072573e-15	5.24584330072573e-15	0.183867441735591
"TCGA.3A.A9IU.01"	0.127760546332954	2.15411426250998e-14	2.15411426250998e-14	0.0991932656894872	2.15411426250998e-14	0.0690881768323395
"TCGA.3A.A9IZ.01"	1.19023927737546e-14	0.0693796429206311	1.19023927737546e-14	0.0349415744772702	1.19023927737546e-14	0.0211859291538515
"TCGA.3E.AAAY.01"	0.110627746010272	0.154281077549089	0.00993754556127764	0.0521469072785193	0.188319743041067	0.140378040777717
"TCGA.F2.6879.01"	1.14135539709516e-14	0.0365383751427041	1.14135539709516e-14	0.130677260067572	0.0229073429181697	0.378130350729145
"TCGA.F2.6880.01"	1.35665378866513e-15	0.00974986206692341	1.35665378866513e-15	0.0114709268281284	0.0123455267662729	1.35665378866513e-15
"TCGA.F2.A7TX.01"	0.122593956463292	0.182114117159157	0.00820612030085372	0.0781442305572319	0.0876057964991751	0.265134092722745
"TCGA.F2.A8YN.01"	1.43153460786485e-14	0.195322885735605	1.43153460786485e-14	0.0552843197336767	1.43153460786485e-14	0.305039323442876
"TCGA.FB.A4P6.01"	0.0684531722822338	0.0997761462429257	0.015202759950907	0.0565030902496855	0.073558156175783	0.0809354816571552
"TCGA.FB.A5VM.01"	0.19847860542244	7.07795621935747e-06	1.20592052634192e-14	1.20592052634192e-14	1.20592052634192e-14	1.20592052634192e-14
"TCGA.FB.A78T.01"	7.27137690328864e-15	0.046101212036458	7.27137690328864e-15	0.0378222234332451	0.0480593718108574	1.3707568793378e-09
"TCGA.FB.AAPP.01"	8.23373504043697e-15	0.0860939409574632	8.23373504043697e-15	0.152899639711322	8.23373504043697e-15	0.316873284412096
"TCGA.FB.AAPQ.01"	0.0155193761272392	0.104975323028057	1.39440452510778e-14	0.0899505735732921	0.0556226214353673	0.51272157102012
"TCGA.FB.AAPU.01"	0.00505738625396634	0.113902472539066	1.21852748048759e-14	0.331691739775104	0.0413597540746452	0.321460345871349
"TCGA.FB.AAPY.01"	0.176784469891506	0.17320747503327	9.04174863792493e-15	0.178714230870762	0.0312222259596223	9.04174863792493e-15
"TCGA.FB.AAPZ.01"	0.0751338869778595	0.122588878598605	2.15225616927054e-14	0.124011804788031	0.0652378833755082	2.15225616927054e-14
"TCGA.FB.AAQ0.01"	1.16722604191045e-14	0.188828850693701	1.16722604191045e-14	0.126168718528413	1.16722604191045e-14	1.16722604191045e-14
"TCGA.FB.AAQ1.01"	1.86061414211036e-14	0.140604593589168	0.0501391440219455	0.0331571608627198	0.214490591490875	0.027564446185267
"TCGA.FB.AAQ2.01"	0.0677810948106525	1.15454440122503e-14	0.110811964172134	1.15454440122503e-14	1.15454440122503e-14	2.51685716662112e-13
"TCGA.FB.AAQ3.01"	0.00197942648880516	0.0229987420246614	1.27718901332178e-14	0.256664094205812	0.200870022635548	1.3178306384583e-07
"TCGA.FB.AAQ6.01"	0.0573988104231752	0.0450329586523376	1.25951313667698e-14	0.0753789172725487	1.25951313667698e-14	1.25951313667698e-14
"TCGA.H8.A6C1.01"	0.11088845119652	0.249260052055107	0.177875886681966	0.0636879457975632	0.000195663838589782	0.203744424627909
"TCGA.HV.A5A3.01"	1.20108756307444e-14	0.0633919870072465	1.20108756307444e-14	1.20108756307444e-14	1.20108756307444e-14	0.536365194375734
"TCGA.HV.A5A5.01"	0.131609258485834	0.192101180094812	1.23049605655273e-14	0.091917001524724	0.210836403970898	1.23049605655273e-14
"TCGA.HV.A5A6.01"	1.53806661783912e-14	0.0127265182271872	1.53806661783912e-14	0.0946900246187913	1.53806661783912e-14	1.53806661783912e-14
"TCGA.HV.A7OL.01"	0.257480325016421	0.0558991687476362	8.06977898021358e-15	8.06977898021358e-15	8.06977898021358e-15	0.0803060782566645
"TCGA.HV.A7OP.01"	7.57938755188493e-15	0.0195992905946882	0.110200278552355	0.0478894423529204	7.57938755188493e-15	7.57938755188493e-15
"TCGA.HV.AA8X.01"	0.0713615142870968	0.14324358039281	1.21708326991467e-14	0.136816808265495	1.21708326991467e-14	0.184094188916156
"TCGA.HZ.7289.01"	6.55003293092248e-15	0.120283534946519	0.16711838316887	0.198088037244059	6.55003293092248e-15	0.0974523148814694
"TCGA.HZ.7919.01"	0.0759231082987498	0.0898577107433198	0.0486483237149187	0.0817295162197116	0.0664239297994756	6.24987708074729e-12
"TCGA.HZ.7924.01"	0.128870720950117	0.0456546868163621	0.0578865568250258	0.287165588832091	0.147115676967312	0.00215589520466825
"TCGA.HZ.7926.01"	0.0995972566565965	0.00390727408134893	9.46022203155985e-15	0.0470805173037992	0.103053153026146	0.226765120666689
"TCGA.HZ.8317.01"	1.04948345561982e-14	0.0102287224819959	1.04948345561982e-14	0.408373100232725	0.232415438639261	1.04948345561982e-14
"TCGA.HZ.8638.01"	0.089137073246835	0.0207191513355564	0.00594482466331991	0.228744007057653	0.260338780381007	0.181035824620209
"TCGA.HZ.A49I.01"	0.0463219925482554	0.0466691203533904	0.0102551959170569	5.74117295930584e-15	5.74117295930584e-15	0.00274639383580558
"TCGA.HZ.A4BH.01"	0.0477343797764408	0.0262325233281953	0.0318851004510539	3.38558876576327e-15	3.38558876576327e-15	3.38558876576327e-15
"TCGA.HZ.A4BK.01"	0.156954426199753	0.0526240757770459	1.28842394710962e-14	0.132456687747583	0.0178026004890639	0.0809473385868566
"TCGA.HZ.A77O.01"	0.044253815709983	0.000565927976629437	1.49733587513963e-14	0.120053139420256	0.0917106913610071	1.49733587513963e-14
"TCGA.HZ.A8P0.01"	0.102363847414538	9.97901606992743e-15	9.97901606992743e-15	0.0420858552414563	0.117973416571221	9.97901606992743e-15
"TCGA.HZ.A8P1.01"	1.23447770127754e-14	0.198910252203307	1.23447770127754e-14	0.204306334644641	1.23447770127754e-14	0.216990868350785
"TCGA.HZ.A9TJ.01"	0.0215596250689422	2.15523114526341e-14	2.15523114526341e-14	2.15523114526341e-14	2.15523114526341e-14	0.238672985422911
"TCGA.HZ.A9TJ.06"	4.52782210439703e-15	0.0203344864631807	0.0898653328540859	4.52782210439703e-15	4.52782210439703e-15	0.059332009442507
"TCGA.IB.7644.01"	7.15664475069354e-15	7.15664475069354e-15	0.116207001539435	0.235128171928054	7.15664475069354e-15	0.0696476907519274
"TCGA.IB.7652.01"	0.0746354298066549	0.0904754428208769	7.02327744699653e-15	0.0547795837655295	0.0567811198923336	0.056893614851549
"TCGA.IB.7889.01"	0.295479098085805	0.117615523152539	1.22651585773442e-14	0.0920644106303219	0.032664792149759	0.330318689130071
"TCGA.IB.A5SP.01"	1.62785682372499e-14	0.011754899867257	0.0652908482647721	0.398698948902302	0.195383230655422	0.0847876742236647
"TCGA.IB.A6UF.01"	1.88583710203182e-14	0.0769165841407572	1.88583710203182e-14	0.06104877285472	0.117836445697298	2.95687126743331e-12
"TCGA.IB.A6UG.01"	0.178725321864077	0.000391577418262436	1.61072573627745e-14	0.148483142317573	0.225780663561697	1.61072573627745e-14
"TCGA.IB.A7LX.01"	1.56886422463204e-14	0.0256592282541276	1.56886422463204e-14	1.56886422463204e-14	1.56886422463204e-14	1.56886422463204e-14
"TCGA.IB.A7M4.01"	0.251897817511873	1.63848423197952e-14	0.0917009448704316	0.101587418566892	0.0353802051998583	1.63848423197952e-14
"TCGA.IB.AAUM.01"	0.012094381491694	2.27670394516259e-15	2.27670394516259e-15	0.0306534365059701	0.0170769053319328	2.27670394516259e-15
"TCGA.IB.AAUN.01"	0.151800515666072	0.0679822688205163	1.19997213425276e-14	0.303957304754055	0.283155071529931	1.19997213425276e-14
"TCGA.IB.AAUO.01"	1.54130250623107e-14	0.117759486067911	1.54130250623107e-14	1.54130250623107e-14	0.00985482028360659	1.54130250623107e-14
"TCGA.IB.AAUU.01"	1.83039617444156e-14	0.0981084168086675	1.83039617444156e-14	0.0616708576093758	0.114407181832088	0.233928610808469
"TCGA.IB.AAUW.01"	0.175682082030299	8.51142128427258e-15	0.0549756959259071	0.272339597881957	0.201166524750292	1.59581385811531e-12
"TCGA.L1.A7W4.01"	1.07538234163291e-14	0.13384303661337	1.07538234163291e-14	1.07538234163291e-14	1.07538234163291e-14	0.0545388846588973
"TCGA.LB.A7SX.01"	0.298874030265065	0.0133759696941161	9.3592037948463e-15	0.0140472386142576	0.000218476503777199	0.259603155113559
"TCGA.LB.A8F3.01"	1.23580250326503e-14	0.0120942951449937	1.23580250326503e-14	0.0819932187071672	0.0807069672113652	1.23580250326503e-14
"TCGA.LB.A9Q5.01"	8.53320947473641e-15	4.03433596593099e-07	8.53320947473641e-15	0.0702446824204326	0.0780290812779277	8.53320947473641e-15
"TCGA.OE.A75W.01"	0.0266261803784343	0.0659422968664191	2.35798766416832e-14	2.35798766416832e-14	2.35798766416832e-14	2.75325916114594e-07
"TCGA.Q3.AA2A.01"	1.7906022983462e-14	0.139174572738486	1.7906022983462e-14	0.134466745405835	1.7906022983462e-14	0.148181677412334
"TCGA.RB.AA9M.01"	0.104067129467059	1.20462857501138e-14	0.133245975352367	1.20462857501138e-14	1.20462857501138e-14	0.362743141629706
"TCGA.S4.A8RM.01"	1.41977600015734e-14	1.41977600015734e-14	1.41977600015734e-14	1.41977600015734e-14	1.41977600015734e-14	0.340435375901793
"TCGA.S4.A8RO.01"	2.11149368527141e-14	0.00497166227430394	2.11149368527141e-14	0.0194697609943022	2.11149368527141e-14	2.11149368527141e-14
"TCGA.S4.A8RP.01"	0.0133185162265678	0.144631708836021	0.0120946413600924	0.115892301868113	0.208979696363257	1.5662427366871e-14
"TCGA.US.A776.01"	0.00397398677951403	0.018765573213637	2.92765199371866e-15	0.0320024227125462	2.92765199371866e-15	0.0306344091964019
"TCGA.US.A779.01"	0.00265980756273413	2.11091970098739e-14	2.11091970098739e-14	0.00822557156789342	0.268485530278607	0.00112269068070613
"TCGA.US.A77G.01"	1.52718399589317e-14	0.0708947823491461	1.52718399589317e-14	0.121477505232936	3.2004048171255e-09	0.363309655363924
"TCGA.XD.AAUI.01"	0.203919122248156	0.00362934157964757	0.107937862815543	0.0356045856740189	9.16390778580523e-15	9.16390778580523e-15
"TCGA.YY.A8LH.01"	0.0742382491439946	2.06762883762813e-14	2.06762883762813e-14	2.06762883762813e-14	2.06762883762813e-14	0.207744643336105
"TCGA.Z5.AAPL.01"	0.183073268578678	0.0385681329854407	4.18040455240419e-15	4.18040455240419e-15	4.18040455240419e-15	4.18040455240419e-15
