"ID"	"S01"	"S02"	"S03"	"S04"	"S05"	"S06"	"S07"	"S08"	"S09"
"TCGA.2J.AAB1.01"	0.23629704412604	0.0335661984399109	0.256051776132615	0.0270199263077924	0.20299888550291	0.0932862098844108	1.06918824139295e-14	0.0450001486804974	0.0770829766131549
"TCGA.2J.AAB4.01"	0.203016408083209	0.0572780261675001	0.172537525079077	0.0879897912046744	0.0793456201413469	0.0402894045356047	0.106279940826164	8.59292392764138e-15	0.240669702254109
"TCGA.2J.AABF.01"	0.158294334471338	0.164647888708013	0.236642040822206	0.213535621327759	0.0821719216288718	0.0809627197810756	0.0528553861175246	1.03320312835204e-14	0.00786984716615646
"TCGA.2J.AABH.01"	0.0473350080477997	0.187150088733599	0.137760772648227	0.221382917785554	0.0624064259643037	0.0733533283127252	0.0351655214463303	0.104180425957177	1.33874357215251e-14
"TCGA.2J.AABI.01"	0.128261522911585	7.44031804148987e-15	0.0644272184194766	0.070569083182488	7.44031804148987e-15	0.144689811156666	0.195521627706407	7.44031804148987e-15	0.012834886545292
"TCGA.2J.AABK.01"	0.0174524512659535	0.135496978669766	9.83376814146153e-15	9.83376814146153e-15	0.098885234826552	9.83376814146153e-15	0.408915525534046	6.84436315466619e-05	0.118234181260549
"TCGA.2J.AABR.01"	0.289446062715564	6.14346088217976e-15	0.229774269283717	0.146505746435715	0.13792563501359	0.0755679660575622	0.068846671032689	0.0487503521544843	6.14346088217976e-15
"TCGA.2J.AABV.01"	5.3691268802966e-15	5.3691268802966e-15	5.3691268802966e-15	5.3691268802966e-15	5.3691268802966e-15	5.3691268802966e-15	0.0479974168394751	5.3691268802966e-15	5.3691268802966e-15
"TCGA.2L.AAQA.01"	0.00624301601508166	9.98676840878349e-15	0.0210911885983362	0.0657994244040095	9.98676840878349e-15	0.0871899994636245	9.98676840878349e-15	0.295906021466353	0.117069334711286
"TCGA.2L.AAQE.01"	0.144806396962739	2.86157662567784e-05	8.69125472339163e-15	8.69125472339163e-15	0.0161829771843598	0.173800061877995	0.0202318209079995	0.0473018998023472	0.298438140821781
"TCGA.2L.AAQI.01"	0.0311735783450288	0.00993613646925946	0.0726241449627834	0.0213131446151123	0.138084067609598	0.01893286331223	0.0803835747294264	0.40051787770685	0.0741264394167288
"TCGA.2L.AAQJ.01"	0.175488867385238	0.128968596682692	0.0446999919579173	0.101870988899457	0.137880980690578	0.114773582819793	0.0442331573918414	0.0401527576874095	1.12465653805681e-14
"TCGA.2L.AAQL.01"	0.00283087904395073	0.407828283810235	0.192177464136726	0.0477240525174963	0.0507988217693733	0.127834841666083	0.0179143919362529	0.0385136693270259	8.21981804236899e-15
"TCGA.2L.AAQM.01"	5.17423427180042e-15	5.17423427180042e-15	5.17423427180042e-15	5.17423427180042e-15	0.0869746020314028	2.11915134777513e-08	5.17423427180042e-15	0.0160800637778619	0.178750241402568
"TCGA.3A.A9I5.01"	0.00104927014745768	1.01007123173541e-14	1.01007123173541e-14	1.01007123173541e-14	0.0348340075936501	0.0759134872496688	0.170276982531108	0.190023342473469	1.01007123173541e-14
"TCGA.3A.A9I9.01"	0.000819695522516119	0.481811418039246	0.0982295422147745	0.0929752945655973	8.8470064613597e-15	0.0196623462217398	0.150040114094998	8.8470064613597e-15	8.8470064613597e-15
"TCGA.3A.A9IH.01"	1.71350526295567e-14	0.129841923665461	0.0264883235065476	0.00865805633880673	0.121920154583189	0.208158312058878	0.278872682746267	1.71350526295567e-14	0.0244570136549302
"TCGA.3A.A9IJ.01"	4.754932630426e-15	0.00418893988064895	0.007470480315985	4.754932630426e-15	4.754932630426e-15	0.00924511095338827	0.00940788224694991	0.102962209424638	0.309528019384725
"TCGA.3A.A9IL.01"	0.00409605278702342	6.87862588243294e-15	0.0051187784611492	6.87862588243294e-15	0.175702752657353	6.87862588243294e-15	6.87862588243294e-15	0.19191313236585	0.160377311722369
"TCGA.3A.A9IO.01"	0.00389478461926496	5.45856423513151e-15	5.45856423513151e-15	5.45856423513151e-15	0.0641803630528424	5.45856423513151e-15	0.000188678155542424	0.192751617927572	0.0638469971118687
"TCGA.3A.A9IR.01"	5.28613441142499e-15	5.28613441142499e-15	5.28613441142499e-15	5.28613441142499e-15	0.0281846601438692	5.28613441142499e-15	5.28613441142499e-15	0.100172301331408	0.124645517781584
"TCGA.3A.A9IS.01"	3.81583682677386e-15	3.81583682677386e-15	3.81583682677386e-15	3.81583682677386e-15	0.00969797993856965	3.81583682677386e-15	3.81583682677386e-15	0.221227687322161	0.0868283650853396
"TCGA.3A.A9IU.01"	1.18872826025131e-14	2.35299434816708e-10	1.18872826025131e-14	0.109093290783972	1.18872826025131e-14	0.2702586274488	0.088568169528047	1.18872826025131e-14	0.0449503152719515
"TCGA.3A.A9IZ.01"	9.33824285928511e-15	9.33824285928511e-15	9.33824285928511e-15	0.026282483889904	9.33824285928511e-15	0.075274802732338	0.210420669709373	0.0985920241769	9.33824285928511e-15
"TCGA.3E.AAAY.01"	0.155380160312051	0.163181887975568	0.207129022041832	0.170471811944119	0.181385503825982	0.0761111040183075	0.0463405098291124	6.3007903207377e-15	5.29965212990282e-11
"TCGA.F2.6879.01"	1.47660522486205e-08	0.191192772386956	0.0752147456147692	0.0971028865283901	9.7988065285387e-15	0.148150544717052	1.94711094680708e-10	0.353199435400125	9.7988065285387e-15
"TCGA.F2.6880.01"	3.87048035285632e-15	3.87048035285632e-15	8.18152364691875e-05	0.000532669359317944	0.00119481131173052	3.87048035285632e-15	3.87048035285632e-15	3.87048035285632e-15	3.87048035285632e-15
"TCGA.F2.A7TX.01"	0.0765025926603447	6.62695506001187e-15	0.361231051019256	0.143193069460154	0.00644202826174164	0.0213271942181984	0.271410390216239	0.0665219662789944	6.62695506001187e-15
"TCGA.F2.A8YN.01"	1.18173203615728e-14	0.124939791144041	1.18173203615728e-14	0.168784167030815	1.18173203615728e-14	0.146440022459166	1.18173203615728e-14	0.193514580650262	0.0506225611504183
"TCGA.FB.A4P6.01"	0.223846867256775	0.0827905931290686	0.173820156743636	0.0340720272981469	0.269401609343081	0.104948853938187	0.0259697641344579	6.98977701308018e-15	0.0600656782301865
"TCGA.FB.A5VM.01"	0.0548130471464729	3.06555588186182e-05	0.234763052274483	0.131413033846563	0.0421125617254053	0.103691001415099	0.253761098734044	5.76132303365536e-15	0.0304903169092697
"TCGA.FB.A78T.01"	0.0515403235159489	0.236336283307839	0.219918511794831	0.181784579962935	8.03278900897812e-15	0.00618714008768358	0.0522774836667375	1.8448482121901e-11	0.165185708285296
"TCGA.FB.AAPP.01"	4.38912209078478e-15	4.38912209078478e-15	4.38912209078478e-15	4.38912209078478e-15	4.38912209078478e-15	4.38912209078478e-15	0.0119530187617959	0.0658827842375688	0.0011490516603459
"TCGA.FB.AAPQ.01"	1.09548944661998e-14	0.0416693906103722	1.09548944661998e-14	0.0313111375083847	0.000880598098820196	0.0425741178136342	1.09548944661998e-14	0.0632840196203591	1.09548944661998e-14
"TCGA.FB.AAPU.01"	0.00534225834454233	7.92396006514132e-15	7.92396006514132e-15	7.92396006514132e-15	7.92396006514132e-15	7.92396006514132e-15	7.92396006514132e-15	0.276445550006524	0.0256788064193119
"TCGA.FB.AAPY.01"	0.265407359146755	0.202780286112692	0.22645486788333	0.117508728507158	0.055414113050349	0.0549227107391846	0.000761163332668207	0.0128002856778375	0.063950485550002
"TCGA.FB.AAPZ.01"	0.158003337984379	0.151225512747584	0.0678679862805874	0.279126093418774	0.0940969799853976	0.104760259080642	0.144919830502588	7.83548306264803e-15	7.83548306264803e-15
"TCGA.FB.AAQ0.01"	8.02245609344909e-15	8.02245609344909e-15	8.02245609344909e-15	8.02245609344909e-15	8.02245609344909e-15	0.0347084030727687	8.02245609344909e-15	0.110188485110327	0.0311093472336295
"TCGA.FB.AAQ1.01"	0.00633927171282846	0.237261387357808	0.143698966046554	0.136591973021815	0.150608649727173	0.0508019302048945	0.245774247037887	4.16059465919425e-07	0.0173186908079894
"TCGA.FB.AAQ2.01"	0.00865937813618265	8.59318620640565e-15	8.59318620640565e-15	8.59318620640565e-15	0.0683542030320507	0.0860141541574811	0.295287372933684	0.0700282531269671	0.0399083700482503
"TCGA.FB.AAQ3.01"	8.80487514991169e-15	0.343692678249871	0.00059725377390917	0.0873713545879668	0.00942506645054014	0.0351122821947836	0.15570065226554	8.80487514991169e-15	8.80487514991169e-15
"TCGA.FB.AAQ6.01"	7.00374421298052e-15	7.00374421298052e-15	7.00374421298052e-15	7.00374421298052e-15	0.0111954533307253	0.0391951207244214	0.00696085181644872	0.315133150869983	0.216200234120333
"TCGA.H8.A6C1.01"	0.33180594649993	0.00135331039499432	0.146852114411242	0.0743549145069483	0.0645414234805178	0.0598128756883547	0.0830711940439787	0.0140367552892876	0.202527793939043
"TCGA.HV.A5A3.01"	7.76865831270935e-15	1.6642648637221e-05	7.76865831270935e-15	0.00350692973713739	7.76865831270935e-15	0.120561542884598	0.0682647451720706	0.205652844995475	0.251004176718434
"TCGA.HV.A5A5.01"	0.140192966656272	0.126953354243526	0.182554153027458	0.166643651774129	0.219458566641084	0.0992650007954937	0.0580629358065529	0.00686937105544635	7.36334423295397e-15
"TCGA.HV.A5A6.01"	9.39654182679382e-15	9.39654182679382e-15	9.39654182679382e-15	0.120167737480848	9.39654182679382e-15	0.211135654982796	0.047977179624017	0.118470788690491	0.00828195025141069
"TCGA.HV.A7OL.01"	0.0583881873427356	0.222805363087928	0.142425499743312	0.147393042781349	6.19616270259974e-15	0.0344530311175261	0.112149977308301	6.19616270259974e-15	0.0191512406424467
"TCGA.HV.A7OP.01"	4.1041655106228e-15	4.1041655106228e-15	4.1041655106228e-15	4.1041655106228e-15	4.1041655106228e-15	4.1041655106228e-15	0.00810653571924276	0.00105247113434462	0.160107114521581
"TCGA.HV.AA8X.01"	8.94755112017371e-15	8.94755112017371e-15	8.94755112017371e-15	8.94755112017371e-15	8.94755112017371e-15	0.0138531830417188	8.94755112017371e-15	0.041202822356198	0.0409380319565843
"TCGA.HZ.7289.01"	0.000472252952179439	4.63191977571062e-15	4.63191977571062e-15	4.63191977571062e-15	4.63191977571062e-15	0.013151893089152	0.0387427056252688	0.0483530530073973	0.0536400961538728
"TCGA.HZ.7919.01"	0.199007591157892	0.0259601383391087	0.288705384296058	0.0904592485950399	0.049333004311576	0.100955427636642	9.58014158379263e-15	0.13590589292058	0.0382973443740916
"TCGA.HZ.7924.01"	0.263545581006329	7.46463059410978e-15	0.0433550747812964	0.0502006728203927	0.245154796411849	0.00185983655668698	0.127703319659067	0.0108236974663237	7.46463059410978e-15
"TCGA.HZ.7926.01"	0.29423787872424	0.0151914738447059	9.34537643611486e-15	0.0680654576060436	0.172123754117801	0.0605970382923962	0.0744758706424287	0.219822791733819	9.34537643611486e-15
"TCGA.HZ.8317.01"	0.00724120172985379	9.03498518115599e-15	9.03498518115599e-15	0.086939692565685	0.352010747813608	0.035327472689432	0.12829829944156	9.03498518115599e-15	9.03498518115599e-15
"TCGA.HZ.8638.01"	0.128893899287869	8.72556285343765e-15	8.72556285343765e-15	0.0467744099439239	0.227432447802814	8.72556285343765e-15	0.140632187872	0.0220667037194251	6.31889698788924e-06
"TCGA.HZ.A49I.01"	0.226773587232748	0.0113504909424423	0.168646563557126	0.285206721439682	0.0795068257981555	0.0925717764173051	6.66106525749228e-15	0.00357651684282976	0.120448820140713
"TCGA.HZ.A4BH.01"	0.204287543222479	0.00418734507745048	0.184855743386689	0.152309662991452	0.135422391775894	0.176849984146889	0.0783356301340449	6.69142420525985e-15	0.0637516992650677
"TCGA.HZ.A4BK.01"	0.13011516112517	0.336041922320757	0.185827793737535	0.104667168770126	0.116257657873053	0.0635324782529305	0.0364373741384032	7.33254759845839e-15	0.0110259268554616
"TCGA.HZ.A77O.01"	1.1047505912954e-14	1.1047505912954e-14	0.0983312061484625	0.110638008761363	0.00295999078547235	0.0853670557718552	0.122343462427257	0.18458229402493	1.1047505912954e-14
"TCGA.HZ.A8P0.01"	0.0765541255657789	0.00695823121367675	4.39556068323491e-10	0.105312558892046	0.221916543113498	0.17292699864429	0.0388606185097497	0.0514182371185491	9.90960605616778e-15
"TCGA.HZ.A8P1.01"	1.24747128548976e-14	0.00641497352017688	1.24747128548976e-14	1.24747128548976e-14	2.23758225450972e-06	0.0330380839688231	1.24747128548976e-14	0.399693114342244	0.0190220000144892
"TCGA.HZ.A9TJ.01"	1.44031770239264e-14	0.108958901403022	1.44031770239264e-14	0.0817399978647177	0.044055706356487	0.0445655616281812	1.44031770239264e-14	0.263938735515561	1.44031770239264e-14
"TCGA.HZ.A9TJ.06"	6.90647149606221e-15	0.227132506791995	6.90647149606221e-15	0.0278583640998812	0.0172813169512134	0.00685567400458537	0.182777435719952	0.101042010551503	0.258996967134626
"TCGA.IB.7644.01"	0.197926063573145	9.30117599991008e-15	0.11861802240526	0.0941411031424684	1.67753891750651e-13	0.140694978813132	9.30117599991008e-15	0.378564943140337	9.30117599991008e-15
"TCGA.IB.7652.01"	0.186487879376466	0.264486547892143	0.0685635167850785	0.263366469887709	0.0836850469234112	0.0591154913946313	5.37833640318926e-15	0.0491993895499688	5.37833640318926e-15
"TCGA.IB.7889.01"	0.262206253479847	0.139251273317197	0.177403356740042	0.143030156014018	0.118685436092668	0.0329468968645675	0.0351544279862851	0.050810941285727	6.7311266450407e-15
"TCGA.IB.A5SP.01"	9.06056604963885e-15	0.178841919343899	0.0451474817173063	0.0549814978472182	9.06056604963885e-15	9.06056604963885e-15	9.06056604963885e-15	0.217031991067841	0.2566709399562
"TCGA.IB.A6UF.01"	1.04496951729735e-14	0.0666528470037564	0.000311913522442816	0.0625857566147221	0.0630832649293556	0.0424344722472803	0.124770597808356	0.124859831989843	1.04496951729735e-14
"TCGA.IB.A6UG.01"	0.158767180803727	1.23230632164438e-14	1.23230632164438e-14	1.23230632164438e-14	0.0386366664929375	0.0256968270233302	0.355763008909208	1.23230632164438e-14	0.043773195813913
"TCGA.IB.A7LX.01"	0.000108316134377762	9.69194355861715e-15	0.0038399784842425	0.000153201319772976	0.0548865165757043	0.157059768782728	0.107026319526552	0.0477129998393896	0.123263205161022
"TCGA.IB.A7M4.01"	0.177751433619886	0.0224135455355458	0.0793605033352677	1.16927666443502e-14	1.16927666443502e-14	0.0831751463145664	0.346484350237612	0.157972665660934	0.00759733843654117
"TCGA.IB.AAUM.01"	0.0534009876644953	0.0141371053756832	0.0437537367959358	1.06388659589865e-14	0.050228123750965	1.26648695036407e-08	0.109184696110715	1.06388659589865e-14	0.0229725180577469
"TCGA.IB.AAUN.01"	0.08935603730092	1.28247315653923e-14	0.125374286637596	0.00756791821086585	0.0548985713295942	0.192473328348229	0.143304507074878	1.28247315653923e-14	1.28247315653923e-14
"TCGA.IB.AAUO.01"	0.0111341862673856	0.00039823165601717	0.264044812563924	0.0656006433825371	8.45754275240797e-15	0.109601202728326	0.148990657662108	8.45754275240797e-15	0.152623036516925
"TCGA.IB.AAUU.01"	0.183613375301053	0.114306513046754	0.0943370708269754	0.224754289043895	8.59401290065778e-15	0.030904275908578	0.0802670416352277	0.0870764870526248	0.152144497970433
"TCGA.IB.AAUW.01"	0.186176034567266	0.0205009314976725	0.115435023851099	0.087401331301941	0.420564425305476	0.0321371204323154	0.107655660740701	6.9457324855877e-15	0.00179292689760893
"TCGA.L1.A7W4.01"	7.29953272130287e-15	7.29953272130287e-15	7.29953272130287e-15	0.0322540276066728	7.29953272130287e-15	0.109707366145484	0.041752785560405	0.330217629458618	7.29953272130287e-15
"TCGA.LB.A7SX.01"	0.0591267948761086	1.04311813090374e-14	4.13979671053295e-08	4.427070526268e-05	0.0149155102128764	0.0901861332247645	0.300668129975988	4.14915426133442e-13	0.0537522865244899
"TCGA.LB.A8F3.01"	8.33354508480619e-15	8.33354508480619e-15	8.33354508480619e-15	8.33354508480619e-15	8.33354508480619e-15	8.33354508480619e-15	0.0196333982053186	0.103366391845124	0.122408950305848
"TCGA.LB.A9Q5.01"	0.0423818059521104	0.0993804758855791	0.111175866237461	0.252897317488178	0.0305784057537702	0.0264819981351346	9.21476222024292e-15	9.21476222024292e-15	9.21476222024292e-15
"TCGA.OE.A75W.01"	0.0104688969539178	0.0222267390091612	0.285859705153262	0.0533860581628818	9.0669312984785e-15	0.162616158625316	0.0231274913171537	0.0216649121807747	9.0669312984785e-15
"TCGA.Q3.AA2A.01"	0.0224484713597406	0.374694536757567	7.59218550730941e-05	0.078427073409326	0.00993638086532172	0.0979872198822679	0.0519412187210923	0.157749029903884	0.10981225563771
"TCGA.RB.AA9M.01"	0.119288180946621	1.15364784266408e-14	1.15364784266408e-14	1.15364784266408e-14	0.365848717257907	0.130081253233905	0.11637638481889	0.0979872131008785	0.0357052546794645
"TCGA.S4.A8RM.01"	0.143398193449627	1.05775588993724e-14	0.0151718064883117	0.00777584287417717	1.05775588993724e-14	0.0256933001338995	1.05775588993724e-14	0.264119250048845	0.240073898698516
"TCGA.S4.A8RO.01"	8.13174182925041e-15	0.162376278300058	0.0945103933807051	0.187196664409717	0.00502551533663821	0.0300783611365591	0.140488315525091	0.263925020126914	0.0257502417115106
"TCGA.S4.A8RP.01"	0.153358458277641	0.0840112973295407	0.181227007784238	0.190749605587415	0.117100866582871	0.124762630552522	8.14059597130839e-15	8.14059597130839e-15	0.135850455460255
"TCGA.US.A776.01"	5.73315176589588e-15	5.73315176589588e-15	5.73315176589588e-15	5.73315176589588e-15	5.73315176589588e-15	0.0196704104770048	0.125246686722022	5.73315176589588e-15	0.0547061523947569
"TCGA.US.A779.01"	7.9316440428314e-15	0.0777790739937349	7.9316440428314e-15	7.9316440428314e-15	0.0151310474533814	7.9316440428314e-15	0.112398434162964	0.0502004601930545	0.330779396612278
"TCGA.US.A77G.01"	9.81589852389851e-15	0.0785424254050923	9.81589852389851e-15	9.81589852389851e-15	0.0266139060977108	9.81589852389851e-15	9.81589852389851e-15	0.03526953313493	0.384851136710862
"TCGA.XD.AAUI.01"	0.329695201438949	0.0534380928466597	0.0523834960785502	0.112760638565649	0.184452401409921	0.111289631068756	0.155980529308078	9.28339392960876e-09	8.60789622547149e-15
"TCGA.YY.A8LH.01"	0.00382563787175392	9.44759673566243e-15	9.44759673566243e-15	9.44759673566243e-15	9.44759673566243e-15	9.44759673566243e-15	9.44759673566243e-15	0.251548143992505	0.131100567850218
"TCGA.Z5.AAPL.01"	0.598360968691252	1.23696929404438e-08	0.0758246712134458	0.0659137109990136	0.0775646488808655	0.0454234244358917	0.113075824964362	5.15014385310726e-15	5.15014385310726e-15
