"ID"	"S01"	"S02"	"S03"
"TCGA.2J.AAB1.01"	0.218840724093289	0.408767121921555	0.351444431735677
"TCGA.2J.AAB4.01"	0.0659970319631551	1.55726615551481e-14	0.419976271673921
"TCGA.2J.AABF.01"	1.23563760354984e-14	0.25536701083944	0.565352814775736
"TCGA.2J.AABH.01"	2.19337957735072e-14	2.65463891176688e-07	0.525696698920855
"TCGA.2J.AABI.01"	0.00666585541900966	1.1260026914654e-14	0.699952293412444
"TCGA.2J.AABK.01"	2.53580838173175e-14	0.539471994123307	2.53580838173175e-14
"TCGA.2J.AABR.01"	1.2079932573748e-14	0.233568911065745	0.542818317635083
"TCGA.2J.AABV.01"	1.06213416693234e-14	1.06213416693234e-14	0.00827252696701641
"TCGA.2L.AAQA.01"	2.12095625265273e-14	2.12095625265273e-14	0.119635521173799
"TCGA.2L.AAQE.01"	0.0535736388369456	1.41545774345466e-14	0.255010407743257
"TCGA.2L.AAQI.01"	2.18330700346692e-14	0.258086495358636	0.044717515980885
"TCGA.2L.AAQJ.01"	1.56662443175887e-14	0.350537908434795	0.474074290182249
"TCGA.2L.AAQL.01"	2.12148601485336e-14	0.271906330912873	0.252602236013884
"TCGA.2L.AAQM.01"	7.29317649843742e-15	0.159134425171802	7.29317649843742e-15
"TCGA.3A.A9I5.01"	0.0476661004635323	8.18030010521657e-15	0.206722731090327
"TCGA.3A.A9I9.01"	0.661529044255346	1.0968401517285e-14	0.202599434554291
"TCGA.3A.A9IH.01"	2.87746781852943e-14	2.87746781852943e-14	0.337094608277244
"TCGA.3A.A9IJ.01"	9.53201026170018e-15	0.17576858426993	9.53201026170018e-15
"TCGA.3A.A9IL.01"	8.52055086983148e-15	0.35249101723802	8.52055086983148e-15
"TCGA.3A.A9IO.01"	0.184648537133572	4.46071168499051e-10	1.03453765005658e-06
"TCGA.3A.A9IR.01"	0.271566916096284	0.240773811119792	4.50489429438749e-15
"TCGA.3A.A9IS.01"	8.79117849807745e-15	8.79117849807745e-15	8.79117849807745e-15
"TCGA.3A.A9IU.01"	2.39694068522246e-14	2.39694068522246e-14	0.227420340437201
"TCGA.3A.A9IZ.01"	1.21736563778015e-14	0.166063644518938	0.174035653668246
"TCGA.3E.AAAY.01"	0.0798172475929634	0.220497067718424	0.626721690243368
"TCGA.F2.6879.01"	1.85255613892964e-14	0.112913017784086	0.432250390628393
"TCGA.F2.6880.01"	9.96586666340519e-15	9.96586666340519e-15	9.96586666340519e-15
"TCGA.F2.A7TX.01"	1.15565691904853e-14	1.15565691904853e-14	0.75185114246664
"TCGA.F2.A8YN.01"	1.45938245366843e-14	1.45938245366843e-14	0.375918453715682
"TCGA.FB.A4P6.01"	1.28349165326756e-14	0.344110494240383	0.400237322484854
"TCGA.FB.A5VM.01"	0.102727199180823	0.0889237065066812	0.808349094290133
"TCGA.FB.A78T.01"	0.739106388139748	8.27209303836241e-15	0.16534113151325
"TCGA.FB.AAPP.01"	9.52958282924586e-15	9.52958282924586e-15	9.52958282924586e-15
"TCGA.FB.AAPQ.01"	1.89054943204936e-14	1.89054943204936e-14	0.329985792074699
"TCGA.FB.AAPU.01"	1.49114747624447e-14	1.49114747624447e-14	1.49114747624447e-14
"TCGA.FB.AAPY.01"	1.42933575416665e-14	0.150185254771998	0.615062188552166
"TCGA.FB.AAPZ.01"	1.26307399728385e-14	0.377303446817318	0.607113745511028
"TCGA.FB.AAQ0.01"	1.56220253631167e-14	1.56220253631167e-14	1.56220253631167e-14
"TCGA.FB.AAQ1.01"	0.262016262705308	0.0690850991932394	0.271650436042396
"TCGA.FB.AAQ2.01"	2.22808118906225e-14	2.22808118906225e-14	0.0996107529663467
"TCGA.FB.AAQ3.01"	0.496290583581121	0.0369829742706247	0.287466685862785
"TCGA.FB.AAQ6.01"	2.12496240396662e-14	0.0529279090258041	7.15476319460443e-14
"TCGA.H8.A6C1.01"	1.09492216281698e-14	0.164216813290915	0.316420327722426
"TCGA.HV.A5A3.01"	0.0541136135077254	1.61595213473809e-14	1.61595213473809e-14
"TCGA.HV.A5A5.01"	1.09556780009109e-14	0.00403000432250512	0.472950856050883
"TCGA.HV.A5A6.01"	1.35917010386364e-14	1.35917010386364e-14	0.573998769952007
"TCGA.HV.A7OL.01"	0.264083915597189	9.22816202719639e-15	0.402078473398605
"TCGA.HV.A7OP.01"	8.75523775119637e-15	8.75523775119637e-15	8.75523775119637e-15
"TCGA.HV.AA8X.01"	1.8357489386076e-14	0.0707318442351687	1.8357489386076e-14
"TCGA.HZ.7289.01"	1.0943587194606e-14	1.0943587194606e-14	0.0658427731613807
"TCGA.HZ.7919.01"	1.6479617097276e-14	0.199270764691582	0.572725001026574
"TCGA.HZ.7924.01"	6.43299728940319e-15	0.338667774968212	0.21289098086887
"TCGA.HZ.7926.01"	7.3212153600425e-15	0.129281116653016	0.465527042782284
"TCGA.HZ.8317.01"	9.00671361744193e-15	0.0479438993151405	0.463435824352503
"TCGA.HZ.8638.01"	9.11666505033643e-15	0.187829232225549	0.259107758592543
"TCGA.HZ.A49I.01"	0.560010167516943	8.11587892053103e-12	0.393765731974659
"TCGA.HZ.A4BH.01"	1.026596390797e-14	0.289568665936932	0.642623871845534
"TCGA.HZ.A4BK.01"	0.674520912702358	0.142509608043644	0.17485502706456
"TCGA.HZ.A77O.01"	1.79011285237751e-14	1.79011285237751e-14	0.161186545203973
"TCGA.HZ.A8P0.01"	1.22486417539081e-14	0.29554435372104	0.326475384383336
"TCGA.HZ.A8P1.01"	2.24783887043203e-14	2.24783887043203e-14	0.00397832387267045
"TCGA.HZ.A9TJ.01"	2.58527380670311e-14	0.176102404922684	0.0298708797496439
"TCGA.HZ.A9TJ.06"	2.01335869447333e-14	0.379741179531968	2.01335869447333e-14
"TCGA.IB.7644.01"	1.43877879072957e-14	0.293415404478801	0.13680372254609
"TCGA.IB.7652.01"	0.408635332636606	0.169306674026555	0.422057993336826
"TCGA.IB.7889.01"	0.266409776077076	0.0126367082606027	0.573217166350397
"TCGA.IB.A5SP.01"	1.84794939766794e-14	1.84794939766794e-14	1.84794939766794e-14
"TCGA.IB.A6UF.01"	1.65515622508882e-14	1.65515622508882e-14	1.65515622508882e-14
"TCGA.IB.A6UG.01"	1.3882213165734e-14	1.3882213165734e-14	0.405698344508746
"TCGA.IB.A7LX.01"	0.00602740012221058	2.18485061841589e-14	2.18485061841589e-14
"TCGA.IB.A7M4.01"	2.70967367983695e-14	2.70967367983695e-14	0.256230783490156
"TCGA.IB.AAUM.01"	1.9927478065983e-14	0.409190458062644	1.9927478065983e-14
"TCGA.IB.AAUN.01"	2.24082306164413e-14	0.283673408975519	0.523035546857532
"TCGA.IB.AAUO.01"	0.264232642858079	1.39844420578142e-14	0.12747303776519
"TCGA.IB.AAUU.01"	0.639639953214043	7.01104139720747e-06	0.338245939103699
"TCGA.IB.AAUW.01"	1.04630111767937e-14	0.636408569475096	0.0840498295164242
"TCGA.L1.A7W4.01"	0.0342540390011128	0.068405075537171	0.350307723997869
"TCGA.LB.A7SX.01"	1.94130752183789e-14	0.345627789218197	1.94130752183789e-14
"TCGA.LB.A8F3.01"	1.40334119415999e-14	1.40334119415999e-14	0.046070758322652
"TCGA.LB.A9Q5.01"	0.219076459572122	4.4200815221123e-11	0.547095656489064
"TCGA.OE.A75W.01"	0.0604462186521603	1.25922077463194e-14	0.300182881557319
"TCGA.Q3.AA2A.01"	0.547760396729597	1.53912752688358e-10	0.156338508821419
"TCGA.RB.AA9M.01"	1.25614858645907e-14	0.768769994578152	0.132961210741825
"TCGA.S4.A8RM.01"	1.65603752434056e-14	0.650488065142373	0.0440477843219144
"TCGA.S4.A8RO.01"	0.521421084056033	0.0709055723883423	0.201060464614257
"TCGA.S4.A8RP.01"	1.46907645009403e-14	0.620519402514427	0.283700668345347
"TCGA.US.A776.01"	9.78054567872289e-15	9.78054567872289e-15	9.78054567872289e-15
"TCGA.US.A779.01"	1.51388599858364e-14	1.51388599858364e-14	1.51388599858364e-14
"TCGA.US.A77G.01"	0.291933520888402	1.53095295881785e-14	1.53095295881785e-14
"TCGA.XD.AAUI.01"	1.51930649860496e-14	0.22440596052757	0.770275379559023
"TCGA.YY.A8LH.01"	0.0197856845900682	1.76519095952403e-14	0.0400259476647813
"TCGA.Z5.AAPL.01"	6.54275940730913e-15	0.387667865674134	0.612332134325847
