"ID"	"S01"	"S02"	"S03"	"S04"	"S05"	"S06"	"S07"
"TCGA.2J.AAB6.01"	9.21826013794638e-15	9.21826013794638e-15	0.00673585917808451	9.21826013794638e-15	0.00579855303702317	9.21826013794638e-15	0.00581941668966562
"TCGA.2J.AAB8.01"	0.00800658004528181	1.52636599334203e-14	0.0469515014658485	0.0136575677606592	0.0372986634189409	0.0546451319830569	0.0964979147848462
"TCGA.2J.AAB9.01"	0.00930543302412682	1.55056393236115e-14	0.0538568628135175	0.0181121257213007	0.0541346034299559	1.55056393236115e-14	0.112241143259226
"TCGA.2J.AABA.01"	0.00383668803960858	0.0240848400832221	0.0334453880726251	1.05778908677955e-14	0.0179330029526471	0.0946774197555836	0.151442856456101
"TCGA.2J.AABE.01"	1.25717892118515e-14	1.25717892118515e-14	0.0300759991535798	0.0181411690708031	1.25717892118515e-14	0.00191040439027622	0.0159494263362476
"TCGA.2J.AABO.01"	1.34330303960081e-14	0.010705207860496	0.0882701031173921	1.34330303960081e-14	0.0795858223142671	0.0767823537298137	0.137397947524671
"TCGA.2J.AABP.01"	0.0769972806942484	0.000824404721582418	9.07574467445152e-15	0.0534315599809405	9.07574467445152e-15	0.00482862539674932	9.07574467445152e-15
"TCGA.2J.AABT.01"	0.04461602744399	0.0432239754750846	0.0868859639963297	0.15690835067432	0.157964975841263	0.042349511985815	0.149607532188446
"TCGA.2J.AABU.01"	0.00209987487383462	0.000554872579336502	0.102547075205531	0.0301686804513316	1.16573042666762e-14	0.0242833869379656	0.0247018376371958
"TCGA.3A.A9I7.01"	0.0220677395822571	0.0762482551886422	0.438119344466642	0.0313824298992524	0.077788092128221	0.0802566511240999	8.28261148650692e-15
"TCGA.3A.A9IB.01"	1.58303692878774e-14	1.58303692878774e-14	0.0849505479067557	0.0229815655909494	1.58303692878774e-14	0.0209440907146137	0.0306100566405792
"TCGA.3A.A9IC.01"	1.07615101515438e-14	1.07615101515438e-14	0.0860870226424809	0.0226271015936777	1.07615101515438e-14	1.07615101515438e-14	0.00317278077776216
"TCGA.3A.A9IN.01"	6.04491649166655e-15	6.04491649166655e-15	0.0599763058021541	0.0469012717222407	0.127405537347976	0.0172354330565991	0.174181367953225
"TCGA.3A.A9IV.01"	6.54132271983556e-15	0.000261003660994424	0.107933321369958	0.000416534459563449	0.018289617455064	0.131541597857771	0.103442635490239
"TCGA.3A.A9IX.01"	0.0541529204551731	0.226837228072843	0.00553693415791632	0.0499544832078426	0.0501814175873448	0.0475939558074394	0.0815254276345687
"TCGA.3A.A9J0.01"	1.15854336827364e-14	1.15854336827364e-14	0.0142026964707646	1.15854336827364e-14	0.059082742540681	0.0238799364591181	0.00765418295922805
"TCGA.3E.AAAZ.01"	1.16995132342015e-14	1.16995132342015e-14	0.0358109451190103	0.0932166837236406	0.0441670534291009	0.100314109542338	0.0415894002150199
"TCGA.F2.7273.01"	0.102391145314782	0.0883552763798465	0.0449537132930446	0.21405142544935	0.0488067902734345	0.0819123104455756	0.0159116526658028
"TCGA.F2.7276.01"	0.0907818042576249	0.181285828194446	0.0339922663022234	0.0913922031873079	0.0636458811278028	0.171605442289958	0.0465912724077874
"TCGA.F2.A44G.01"	1.32312768299157e-14	1.32312768299157e-14	0.00120447861962132	0.000625803565573251	0.0128655540915362	0.0555812705885372	0.0951131112152652
"TCGA.F2.A44H.01"	1.41837204015483e-14	1.41837204015483e-14	0.0609078185202565	0.0159142684754247	0.0401909506074449	1.41837204015483e-14	0.0308024848306902
"TCGA.FB.A4P5.01"	0.16965442394618	0.287794317740575	0.0345060004786358	0.0632903021531859	0.0864100356235732	0.0241168033851793	0.0776954903060772
"TCGA.FB.A545.01"	9.43089748414542e-15	9.43089748414542e-15	0.0115079275574826	9.43089748414542e-15	0.000572963936369104	0.118024224157687	0.0578596904166805
"TCGA.FB.A7DR.01"	0.000126902320383639	1.21245323370893e-14	0.0666899663149606	0.152814365097442	0.227412510222178	0.036824182160916	0.00213574278462734
"TCGA.FB.AAPS.01"	0.0574027697184093	0.169350483827835	2.2750120207077e-09	0.0457301100012942	0.144388200690204	1.28766179334867e-14	0.0358381352732019
"TCGA.H6.8124.01"	1.03374931682666e-14	1.03374931682666e-14	1.03374931682666e-14	1.03374931682666e-14	0.01953104321823	0.177525879249789	0.104011150608755
"TCGA.H6.A45N.01"	0.0117240390813503	0.129878597546627	0.0776135232930696	0.0566767410321051	0.119319476427579	0.0226634373437948	0.135556320173029
"TCGA.HV.A5A4.01"	0.00881072719948671	1.26085654328213e-14	0.0415658413325935	0.0309177269342406	0.0392100880539807	0.0601160093498733	0.0425538666681427
"TCGA.HV.AA8V.01"	1.53857983759525e-14	1.53857983759525e-14	0.106865701293149	0.00775972561696117	0.0351584734708286	1.53857983759525e-14	0.0316608971713386
"TCGA.HZ.7918.01"	0.28071708460907	0.127413952552873	0.090815166917247	0.0376637226355066	0.0370319247111678	0.103490223435506	0.00493087047143862
"TCGA.HZ.7920.01"	0.0180942292034961	0.161578225870197	0.0420760707884398	0.150120074040074	0.0986794181879503	0.166756428367015	0.056170684396147
"TCGA.HZ.7922.01"	0.0112458771745977	0.0324721645489146	0.0160783602595175	1.82282296895861e-14	0.114141206293794	0.189974378717574	0.00339949456808693
"TCGA.HZ.7923.01"	0.0987500288005988	0.224321998935433	0.0563206828904044	0.122486630000767	0.109696896229977	0.105060206633019	0.107507303414225
"TCGA.HZ.7925.01"	0.00168375670752051	0.000437811528367813	0.121087896191209	0.000518116967004254	0.0839083726819343	0.0128005210145044	0.0192694420511022
"TCGA.HZ.8001.01"	0.0109273860153673	0.161951389902293	0.0267148092297695	0.0498401286247238	0.0963237019531831	1.12605100473284e-14	0.0880467691903966
"TCGA.HZ.8002.01"	0.0476045854673908	0.0747360382153221	0.0169002305215167	0.102952147929602	0.0523496349039539	0.177213284069181	0.0208345762906901
"TCGA.HZ.8003.01"	0.0623360608028683	0.115931816152234	0.0331916342799523	0.0204941913702193	0.0192944821746029	1.36663190785629e-14	0.0351835484594689
"TCGA.HZ.8005.01"	0.0293075729812752	1.11050466480594e-14	1.11050466480594e-14	1.11050466480594e-14	0.0127571916228632	0.062513507936238	0.0021758937118632
"TCGA.HZ.8315.01"	0.0789501228805298	0.0641716427103855	1.4386708760786e-14	0.0160030384000993	0.0455099259142477	0.23847631225933	0.159437900846494
"TCGA.HZ.8519.01"	0.0323960777746278	0.0635504752402075	0.0415915135917092	0.11124914060153	0.0580814889489239	0.144286631343938	0.0637852025408054
"TCGA.HZ.8636.01"	0.059715565861045	0.0248508196245568	0.0277546374699001	1.28705881413807e-14	0.0396509837383942	0.246092965229321	0.0946198030605324
"TCGA.HZ.8637.01"	0.280602561917792	0.163687670933504	0.119684666499617	0.000567711291089994	0.102985696878009	0.153309157071511	0.0740935758295272
"TCGA.HZ.A49G.01"	0.0740322987718172	0.0458114142708371	0.0212114737455065	0.0824954829760893	0.092792677311103	0.0355448532495167	0.0799598303274212
"TCGA.HZ.A49H.01"	0.114684942965048	0.159800062231149	0.034872447966997	0.194841900306076	0.101603223177113	0.0227942121729608	0.00104853621036231
"TCGA.HZ.A77P.01"	0.0085857375125253	1.36223022060203e-14	0.0399575522058057	0.242728865871388	0.166753850455208	0.0351212915201606	0.065167237023337
"TCGA.HZ.A77Q.01"	0.0699664265383865	0.138502545745067	0.00467221405259117	0.0615357658759529	0.1408789480254	0.00398997693468835	0.00926316508091665
"TCGA.IB.7645.01"	0.137964905950236	0.171183234365579	0.00551756005570605	0.140997730165254	0.0517076495792304	0.163982943942835	0.0516168650416673
"TCGA.IB.7646.01"	0.0459535328600307	1.08884428499979e-14	1.08884428499979e-14	1.08884428499979e-14	0.016265578233986	0.104930504785796	0.0560193906791282
"TCGA.IB.7647.01"	0.0496014306203502	0.217526238442848	0.0521393683285464	0.00502702081016252	0.0587644388470586	0.18652009728136	0.0681705421840315
"TCGA.IB.7649.01"	0.0577027979719535	0.133574287360679	0.0304283337822283	0.157450921378009	2.76210660915991e-10	0.0984300511059796	0.0738938760018908
"TCGA.IB.7651.01"	0.169157642092216	1.08804643297067e-14	0.15927331012081	1.08804643297067e-14	0.0277302463650135	0.214626046589994	0.0589649327220102
"TCGA.IB.7654.01"	1.32725229237834e-14	1.32725229237834e-14	0.113868109655155	0.00447129910562675	0.0657975208549305	0.0816923009804798	0.0272251681129967
"TCGA.IB.7885.01"	0.0459599726619274	0.0465451051451984	0.163487579316555	0.00362219772173299	0.0516184392440648	0.0101111182675644	0.0240686532337847
"TCGA.IB.7886.01"	0.0409314499874295	1.3429182310641e-14	0.0970096478745159	1.3429182310641e-14	0.00662667432936411	0.208953328321489	0.029457642788031
"TCGA.IB.7887.01"	0.00768424441748719	1.23896785915541e-14	0.041359169641669	1.23896785915541e-14	0.0105891976930896	0.0433332067297486	1.23896785915541e-14
"TCGA.IB.7888.01"	0.0356571537390402	0.179046243754163	0.035574046763636	0.198103037963285	0.0423102049681545	0.0507066491578888	8.92369444168072e-12
"TCGA.IB.7890.01"	1.13423540240246e-14	1.13423540240246e-14	0.00993389330791557	0.0176573775514971	1.13423540240246e-14	0.0856978581982006	0.00107198627691742
"TCGA.IB.7891.01"	0.133377779585155	0.0900433642622565	0.0895326445663538	0.0186278637472734	0.0484912008820229	0.110070814945699	0.00779533401710624
"TCGA.IB.7893.01"	1.00420703652152e-14	1.00420703652152e-14	1.00420703652152e-14	0.00862549066241816	1.00420703652152e-14	0.0843259525239057	0.0249389767962233
"TCGA.IB.7897.01"	0.0815925796063185	0.172100919888029	0.0314918020876576	0.128436732398372	0.0501728452434795	0.190332031141525	0.109305896607029
"TCGA.IB.8126.01"	0.0412737105199837	0.13866554632643	0.0669506347837043	0.0628352753109231	1.12119034889639e-14	1.12119034889639e-14	0.0454211205978142
"TCGA.IB.8127.01"	0.141907648868102	0.0106468507156491	0.0731805163058611	1.51634671615429e-14	0.0233783619757706	0.201028113503041	0.049515700640248
"TCGA.IB.A5SO.01"	0.0296765843837601	0.12821402960056	1.34966175246488e-14	0.0482416539225952	0.124150177483772	0.11663745444332	0.0683626957090614
"TCGA.IB.A5SQ.01"	1.48846273658977e-14	0.0383299376211039	0.0928063714273632	0.0319718135488853	0.138755482224188	0.0132055699298014	0.0502302230807962
"TCGA.IB.A5SS.01"	1.32763064048313e-14	1.32763064048313e-14	1.32763064048313e-14	0.00182568470389018	1.32763064048313e-14	0.0151438308267116	0.0580789460469071
"TCGA.IB.A5ST.01"	0.0568842841641881	0.322937386260713	0.0659100184613355	0.0914416682450327	0.18028101673383	0.0199905709421625	1.07532307688403e-14
"TCGA.IB.AAUP.01"	0.126781696376304	0.379277586520233	0.0651850176703109	0.034669493097055	0.158962303960937	0.0501648679764801	0.0419778202450492
"TCGA.IB.AAUQ.01"	1.20247220089792e-14	1.20247220089792e-14	0.0202115324300106	1.20247220089792e-14	0.133820314550636	0.0408073744378167	0.015546478290662
"TCGA.IB.AAUR.01"	0.143924831649493	0.37457493525307	0.0245195650046396	0.0893780653770447	0.127556022705918	0.0372323911884654	0.0398729025953267
"TCGA.IB.AAUS.01"	0.17449380090157	0.0612180841368961	0.0140212847704359	0.0846244159631358	0.00514091633770711	1.01915498293739e-14	0.0746555102663922
"TCGA.IB.AAUT.01"	0.149350139792426	0.129400291490132	0.0731520725621506	0.120028345226912	0.0423873346497238	0.0133908075132567	0.0328172934871857
"TCGA.IB.AAUV.01"	0.060850619046628	0.134487780846192	0.115574763176758	0.172986195072639	0.127172929673702	0.00382720935867176	0.040023942232012
"TCGA.M8.A5N4.01"	1.25679663901661e-14	1.25679663901661e-14	0.017359022050771	0.00195973151714021	0.0401075592052216	0.0407470840700525	0.0133667796481026
"TCGA.PZ.A5RE.01"	0.0301088310866525	1.22827347811128e-14	0.083267313962141	1.22827347811128e-14	0.000108733558947564	0.0174094003326711	0.0451456424148953
"TCGA.Q3.A5QY.01"	0.126517672125049	0.450378889449996	0.00910228535336518	0.0286839001750787	0.136469967642832	0.00615646373432808	7.65065230092465e-15
"TCGA.RB.A7B8.01"	0.0160948691158767	0.00704887642050391	0.0831814613544281	0.0339226742867272	0.0432175181243129	0.0178552840230367	0.0748061451262486
"TCGA.RL.AAAS.01"	0.0902183160721177	0.155411469851415	0.0448189379725771	0.148369925303037	0.0857054711605683	1.19216806036394e-14	8.94281465882191e-10
"TCGA.US.A774.01"	0.0459227458393807	0.0200236922824662	0.148716537001992	1.61712718600252e-10	0.0130334824299121	0.0125233480436463	0.093710815767944
"TCGA.US.A77E.01"	1.03942786456472e-14	1.03942786456472e-14	0.0576345707054156	1.03942786456472e-14	0.0358490139992132	0.0654552015261673	0.0429206029866895
"TCGA.US.A77J.01"	0.0860390731156622	0.317499107597235	0.0236510593165084	0.0387060841023433	0.135461527014984	9.07187963282818e-15	0.00360021021667098
"TCGA.XD.AAUG.01"	1.59772301308802e-14	0.0226522111982982	0.0702382915257573	0.260025279699904	0.128013373616238	1.59772301308802e-14	0.131547413112845
"TCGA.XD.AAUH.01"	0.00510020503864771	0.273227531593241	0.0604249488509665	0.155454372976414	0.128623610816461	0.0795193179562188	0.0525948871622498
"TCGA.XD.AAUL.01"	1.24060176479966e-14	1.24060176479966e-14	0.0159427896784524	1.24060176479966e-14	0.0513344820502182	0.0177504483934255	0.0476485978685063
"TCGA.XN.A8T3.01"	0.0168854580865377	1.61558838732045e-14	0.0037563193441624	1.61558838732045e-14	0.0730613512015226	0.0211634104886393	0.0734701142966918
"TCGA.XN.A8T5.01"	0.0427102498465909	0.247744466688615	0.0061791212051793	0.107978384842539	0.0919468885873442	0.026703783675464	0.00166923585606832
"TCGA.YB.A89D.01"	1.71213002838826e-14	0.018428902286598	0.0627589599789917	0.0791949148797395	0.0302059153994209	0.0237600538565071	0.0639064767600657
"TCGA.YH.A8SY.01"	1.1298707293287e-14	1.1298707293287e-14	0.0404200099371501	0.0323561203524375	1.1298707293287e-14	1.1298707293287e-14	0.025172523277731
