"ID"	"S01"	"S02"	"S03"	"S04"	"S05"	"S06"
"TCGA.2J.AAB6.01"	0.0313928637553359	0.0483841530031468	0.0633505631641069	0.0103671741306024	0.0182981661803111	0.0492377664743036
"TCGA.2J.AAB8.01"	0.0213476268241143	0.0276488981037986	0.331068301765148	1.09073485439083e-14	0.163140459252336	0.0932447127804187
"TCGA.2J.AAB9.01"	0.0394720983237325	0.0623457973201491	0.0861244758999325	0.00869451721767078	0.0460936703385196	0.0144676110400315
"TCGA.2J.AABA.01"	0.0969786182096441	0.167017528811008	0.0072802091689698	1.35527700740903e-14	0.292084242273131	0.0149783093398951
"TCGA.2J.AABE.01"	0.00543506763609763	0.0934246681051277	0.0214417759408023	1.28459287306882e-14	0.0663079253064442	0.332468576474646
"TCGA.2J.AABO.01"	0.164713181061491	0.0799104971693486	0.0869799558764615	0.0129941703673809	0.00303416293247748	1.26907988818333e-14
"TCGA.2J.AABP.01"	0.0236030133229862	0.0202631124507923	2.97170429262388e-12	0.0957952963703671	0.353306714224281	0.0488746021298785
"TCGA.2J.AABT.01"	0.529256187964642	0.00669756528991206	0.020285294753301	1.5202596015511e-11	0.218212332327571	0.0573930019324959
"TCGA.2J.AABU.01"	0.089292920290852	0.039053382292433	0.0311556388631914	0.000869294463335159	0.12276465742047	1.13375793727921e-14
"TCGA.3A.A9I7.01"	0.102246128490562	0.064797657219875	0.134148124893713	0.0410507020370184	0.0185898555623701	6.45234929697021e-15
"TCGA.3A.A9IB.01"	0.109376562753398	0.0742278527066462	0.00142114726636038	1.411193180709e-14	0.126850415717471	0.0851414794408739
"TCGA.3A.A9IC.01"	0.097088524913986	0.0335264375627513	0.0192229704228694	1.27581919783487e-14	0.252732090890033	0.0925767400098952
"TCGA.3A.A9IN.01"	0.175105081424121	0.214605394748499	0.368391006006341	6.51863690940344e-15	6.51863690940344e-15	0.103137995047325
"TCGA.3A.A9IV.01"	5.00998250929072e-11	0.127723685636587	0.534698250526056	6.22555184731053e-15	0.024639849044387	6.22555184731053e-15
"TCGA.3A.A9IX.01"	0.145013467882723	0.0729245305360834	0.0933657344430065	0.2782767974158	0.0650970834352529	0.0629795155912941
"TCGA.3A.A9J0.01"	0.0253635932279295	0.0816083955899774	0.00683320328178202	1.31070868177402e-14	0.0130653919635062	0.0781916046017963
"TCGA.3E.AAAZ.01"	0.395111671945382	0.00826259585117463	0.183779912308585	9.81316203195099e-15	0.0110003368144593	9.81316203195099e-15
"TCGA.F2.7273.01"	0.175825517382754	0.0663043886066816	0.0979338881496751	0.187561903904378	0.155920095207487	0.0690444881942121
"TCGA.F2.7276.01"	0.148716526841086	0.0870660342240515	0.116308457074774	0.114484405261608	0.0771467072981966	0.166991968002545
"TCGA.F2.A44G.01"	0.000393813971729721	0.0788272993296565	0.0491304003899571	0.0188207027648168	0.00254619281563237	0.145765613981086
"TCGA.F2.A44H.01"	0.0193165899703157	0.107397821134916	2.82265465559445e-14	0.0346200568415989	0.0863554605881083	0.161820710096484
"TCGA.FB.A4P5.01"	0.169809831872309	0.181457938294328	0.0674880438453917	0.335483574081917	9.52495263643848e-14	0.0278995588478411
"TCGA.FB.A545.01"	0.000711576376598713	0.0758548335522987	0.0605574266621289	1.12438057864713e-14	0.0323952810021815	0.00270703005231991
"TCGA.FB.A7DR.01"	0.50289376562982	0.00465314973214344	0.0887292549522969	6.88119121377221e-08	0.0422703445593097	0.0171276169236522
"TCGA.FB.AAPS.01"	0.0798107169660775	0.0478687230563851	3.50478580938338e-11	0.13689554029945	0.327919198142058	0.102229364284393
"TCGA.H6.8124.01"	0.0263085398232522	0.102959750100234	0.0994818103187662	1.22171491864874e-14	0.0567991264377866	1.22171491864874e-14
"TCGA.H6.A45N.01"	0.0797074832809892	0.226228007656271	0.134174511880069	0.135412856023256	0.0993606140642764	0.0177574295321099
"TCGA.HV.A5A4.01"	0.0230156367499269	0.211554131737256	0.113192927327547	0.000612057277374757	0.0359739199969655	0.0166989100968808
"TCGA.HV.AA8V.01"	0.0465030019273988	0.192222383249413	0.0878507492145258	0.0392648281222682	0.157945895429079	0.0394072978730341
"TCGA.HZ.7918.01"	0.0190352074289228	0.030312519417286	0.111371851302006	0.205754518692287	0.0798921367601461	0.0746488098365154
"TCGA.HZ.7920.01"	0.271337761806241	0.0929974250309771	0.219226529796469	0.208404911309295	0.107335230575603	0.066564358675703
"TCGA.HZ.7922.01"	0.0258782552860869	0.0141226497345626	0.0469671249868577	1.26172647066272e-14	0.346739336220632	0.0448517831168976
"TCGA.HZ.7923.01"	0.329804504752666	0.116058634255997	0.0454577196311424	0.306845538799371	0.0507315100710759	0.0991112457508538
"TCGA.HZ.7925.01"	0.00971868037354261	0.0639299960902723	0.0111928397402403	1.03029532371268e-14	0.533160527613288	0.195541240048152
"TCGA.HZ.8001.01"	0.190950390941588	0.160492624166619	0.0152599982851769	0.282732963523683	0.0708936623287287	0.132033828963143
"TCGA.HZ.8002.01"	0.234714560424467	0.035877460001689	0.0974681782663799	0.236540270037452	0.160958173658169	0.0374281271055369
"TCGA.HZ.8003.01"	0.0313437178446777	0.0268710274258742	0.124615410489441	0.117368036896711	0.0126713392718395	0.0006502754338491
"TCGA.HZ.8005.01"	0.0125580025140742	0.00550351908044915	1.1975436795691e-14	1.1975436795691e-14	0.190905716835135	1.1975436795691e-14
"TCGA.HZ.8315.01"	0.026038783380064	0.133725777423442	0.156640030679963	0.0687668642377378	0.190970857887599	0.174968320978179
"TCGA.HZ.8519.01"	0.364360290583646	0.0721504572996359	0.227603358400128	0.107968811071385	0.130215301501429	0.0157871075397074
"TCGA.HZ.8636.01"	0.0249478403361714	0.0789106942963944	0.252307548878515	0.0808663537677188	0.23517127641358	0.164381680920319
"TCGA.HZ.8637.01"	0.0358282207164798	0.0779203885492124	0.173692852663478	0.396672288953058	0.0315333808509491	0.0760963069146182
"TCGA.HZ.A49G.01"	0.0598594542915088	0.179778393385641	0.0415647314696046	0.223831054385938	0.00615967177266951	0.193951187496502
"TCGA.HZ.A49H.01"	0.25905085719998	0.0551659487120155	0.044964925174692	0.172739080370766	8.14129316229479e-15	0.160332012257865
"TCGA.HZ.A77P.01"	0.55070127848752	0.0373851031386295	0.0817852766967238	0.0271318658408898	0.0346661303769815	3.3114131467742e-06
"TCGA.HZ.A77Q.01"	0.158750173932443	0.131772698030882	8.69372707888218e-15	0.102501438399239	0.183552948083161	0.370030795185409
"TCGA.IB.7645.01"	0.226396582816325	0.0200279798504015	0.0201557722533339	0.118152702359597	0.289115036708996	0.326151926011329
"TCGA.IB.7646.01"	9.37547270073657e-15	0.349766832512353	0.0386660259230404	9.37547270073657e-15	0.145389487275928	0.0974946048754664
"TCGA.IB.7647.01"	0.0422194132110849	0.0284833068777352	0.141168630497493	0.18342236032763	0.29360813958426	0.0478959307051415
"TCGA.IB.7649.01"	0.0558904379302054	0.161363433719525	0.0777293519393554	0.275607963051523	0.160667668211469	0.0153019981002761
"TCGA.IB.7651.01"	0.0200909605180328	0.00592544399162445	0.0418610405169782	0.0270571860863292	0.226919640127168	0.148630252636862
"TCGA.IB.7654.01"	0.0171806057090694	1.13478744131706e-14	0.121594217596747	1.13478744131706e-14	0.0663167987495266	1.13478744131706e-14
"TCGA.IB.7885.01"	0.0553902776079292	0.0274772451613542	1.54239803618534e-14	0.00560725611627036	0.0702087501231672	0.276954536293664
"TCGA.IB.7886.01"	0.0519783132155026	0.0487192868750014	0.105166806383854	1.39329611824256e-14	0.164122768272146	0.0780750059565713
"TCGA.IB.7887.01"	6.14316185130707e-11	0.0198990845743441	0.0233560101130945	0.0135183309354684	0.128174504018156	0.0869339481006827
"TCGA.IB.7888.01"	0.225774043406597	0.10406286902274	0.0437348046322728	0.151709328142851	0.321303779930122	0.123512618403919
"TCGA.IB.7890.01"	0.0349820469249688	0.0328314509392296	0.0474372065308472	1.23650501793218e-14	0.637132592464657	0.0095467822351676
"TCGA.IB.7891.01"	0.0172409237109268	0.318709448160419	0.0684061213297819	0.120595677917585	0.144016831267358	0.0350178561125137
"TCGA.IB.7893.01"	1.03583228067493e-14	0.00538428832619228	1.03583228067493e-14	1.03583228067493e-14	0.56887261387803	0.0596530524622776
"TCGA.IB.7897.01"	0.347601328368676	0.0770412459037157	0.130497315432584	0.145558434288024	0.12974175714819	0.0830239111660529
"TCGA.IB.8126.01"	0.102994473725992	6.63590784445065e-11	0.0409696688873183	0.0773943028238451	9.51098937064943e-15	0.0376957698725647
"TCGA.IB.8127.01"	1.16570609003007e-14	0.0740065847827238	0.195101304078624	0.0520941871087772	0.0416766955400961	0.182705693378097
"TCGA.IB.A5SO.01"	0.118135723093787	0.0614991552187757	0.0660485107733754	0.16874613741327	0.318360955837447	0.099173819217752
"TCGA.IB.A5SQ.01"	0.11679844326192	0.0914377793393735	0.197488943194843	0.068049002809909	0.271398305829468	0.143849007115326
"TCGA.IB.A5SS.01"	1.24190090063728e-14	0.0973524149591777	0.0236210980043156	1.24190090063728e-14	0.0808014860223246	0.17096235336024
"TCGA.IB.A5ST.01"	0.144047771554792	0.0538496240644754	0.0461649202888882	0.262623008920516	0.0327418107491887	0.19407688544225
"TCGA.IB.AAUP.01"	0.0886086073563985	0.0947423676541341	0.115085614574531	0.456193365333748	0.11630931280358	0.0257935163700981
"TCGA.IB.AAUQ.01"	0.0284559653320833	0.250393985182851	0.231316782955279	0.0624380289105368	0.0586777625504032	0.010651992779474
"TCGA.IB.AAUR.01"	0.161240532558166	0.013948937709815	0.045209193304625	0.528877598564709	0.0640132956121709	0.186058535745105
"TCGA.IB.AAUS.01"	0.0276307449119341	0.0152433733139248	1.10148098133049e-14	0.335758611111816	0.175961216120918	0.327999132640202
"TCGA.IB.AAUT.01"	0.0343836984108478	0.0633163983010538	0.0879227631575468	0.197351685751974	0.0232689617293935	0.0675786368309036
"TCGA.IB.AAUV.01"	0.278444573036688	0.0237482301250022	0.0181098497068832	0.177659827763578	0.236411480900351	0.0283280379144304
"TCGA.M8.A5N4.01"	0.00976697810929585	0.00367602697669711	1.24840109612015e-14	1.24840109612015e-14	0.0125929514962584	0.230235852540064
"TCGA.PZ.A5RE.01"	0.00366182234462844	0.0993252734738944	1.12606519344448e-14	0.0516508431543778	1.12606519344448e-14	0.107390584606382
"TCGA.Q3.A5QY.01"	0.0670515478242857	0.0522755363182782	9.63398024691063e-15	0.414256693217847	9.63398024691063e-15	0.240859248669924
"TCGA.RB.A7B8.01"	0.048182213544041	0.16290752360152	0.0514593130278152	0.0114178173797789	0.187753961818009	0.0964810410793466
"TCGA.RL.AAAS.01"	0.146378413708428	0.154431067539474	3.24413016293475e-12	0.320424054892644	0.020326076358165	0.00355722363158956
"TCGA.US.A774.01"	0.0241870865706038	0.0346918347743698	1.47260839093097e-07	0.144991015213001	0.0381952286827625	0.130495230564047
"TCGA.US.A77E.01"	0.026659507028091	0.0452186910271092	0.0888184440500545	1.31653366399357e-14	0.000761459702004762	0.00910614293547911
"TCGA.US.A77J.01"	0.15403038939284	0.112094247089918	0.0593303156805176	0.377437969556979	1.02476744471874e-14	0.150261252647942
"TCGA.XD.AAUG.01"	0.292043475140554	0.116880831784231	0.127627024877747	0.00873149551653269	0.266562307562148	0.0734731959626111
"TCGA.XD.AAUH.01"	0.336383622893382	0.119492846316194	0.188379732214151	0.138527925071465	0.0912761158221409	0.108951366299707
"TCGA.XD.AAUL.01"	0.0600504001590279	0.067868514461235	0.0141544342277981	0.0219712961234147	0.0243864646627072	0.131953128756231
"TCGA.XN.A8T3.01"	0.0151295817252627	0.139631029107695	0.171333897123848	1.32555858221799e-14	0.0277210969375705	0.0132087534210968
"TCGA.XN.A8T5.01"	0.375206486796329	0.0624143858879508	0.0791727816078255	0.154573890988679	0.20280999385773	0.0804714344100112
"TCGA.YB.A89D.01"	0.0672537789783607	0.0937370227325576	0.103272945481415	0.0293284259916613	0.296014836808446	0.251602776767011
"TCGA.YH.A8SY.01"	1.24944776417424e-14	0.060687028166685	1.24944776417424e-14	1.24944776417424e-14	0.152174317942517	0.031148203568528
