"ID"	"S01"	"S02"	"S03"	"S04"	"S05"
"TCGA.2J.AAB1.01"	0.0354009045225627	0.1863035236349	0.129339227023037	1.31725605813883e-14	0.387565189528922
"TCGA.2J.AAB4.01"	1.8846559459832e-14	1.8846559459832e-14	0.203109055025911	1.8846559459832e-14	0.330507307931088
"TCGA.2J.AABF.01"	0.163048923012608	0.226201433790795	0.170906622937334	1.06687456231772e-14	0.43984302025921
"TCGA.2J.AABH.01"	2.24095123049348e-14	2.24095123049348e-14	0.405096679767915	0.060832101157989	2.24095123049348e-14
"TCGA.2J.AABI.01"	0.584441778442114	1.26090892180737e-14	1.26090892180737e-14	7.64679266287922e-11	0.245821866765201
"TCGA.2J.AABK.01"	0.0821037500639539	0.594726228883812	0.00215207318123906	1.0866815872516e-14	0.0187059348471421
"TCGA.2J.AABR.01"	0.163057328556668	0.300285011978867	2.34015402154392e-07	7.94930842694507e-15	0.536657425449023
"TCGA.2J.AABV.01"	1.14951143616961e-14	1.14951143616961e-14	1.14951143616961e-14	1.14951143616961e-14	1.14951143616961e-14
"TCGA.2L.AAQA.01"	2.0227025121674e-14	2.0227025121674e-14	2.0227025121674e-14	2.0227025121674e-14	0.115894286361198
"TCGA.2L.AAQE.01"	0.749989014193887	1.60813108418067e-14	1.60813108418067e-14	1.60813108418067e-14	0.250010985806
"TCGA.2L.AAQI.01"	3.16046329143403e-11	0.239199497375701	2.1742615277524e-14	0.165739868019492	2.1742615277524e-14
"TCGA.2L.AAQJ.01"	0.571128040330498	7.0284794325637e-13	3.39940359073657e-09	0.0241261265920652	0.0813385063640751
"TCGA.2L.AAQL.01"	0.100808651864025	0.000728091879447292	0.113984930110675	1.64548067388575e-14	1.64548067388575e-14
"TCGA.2L.AAQM.01"	9.30384634600623e-15	9.30384634600623e-15	9.30384634600623e-15	0.039702879700021	9.30384634600623e-15
"TCGA.3A.A9I5.01"	0.386867074465794	0.434986331270294	1.35413475525578e-14	0.115114545461871	0.0630320488019729
"TCGA.3A.A9I9.01"	2.20306440560466e-14	2.20306440560466e-14	0.432791997889189	2.20306440560466e-14	0.0256059330794374
"TCGA.3A.A9IH.01"	0.0526772053904626	0.363025682689219	1.54591607923877e-14	1.54591607923877e-14	0.0299017540162559
"TCGA.3A.A9IJ.01"	1.07305624611827e-14	0.0328054171304894	0.0228148876321567	1.07305624611827e-14	1.07305624611827e-14
"TCGA.3A.A9IL.01"	1.67420544401569e-14	1.67420544401569e-14	0.52557592969887	1.67420544401569e-14	1.67420544401569e-14
"TCGA.3A.A9IO.01"	0.0103547199431858	1.09658497497031e-14	0.0282246287225991	0.335543594595718	0.176510553411583
"TCGA.3A.A9IR.01"	5.29770808835671e-15	5.29770808835671e-15	0.0601321755205415	5.29770808835671e-15	5.29770808835671e-15
"TCGA.3A.A9IS.01"	8.60907955276505e-15	8.60907955276505e-15	8.60907955276505e-15	8.60907955276505e-15	8.60907955276505e-15
"TCGA.3A.A9IU.01"	0.164512416867772	1.23750104632611e-14	1.23750104632611e-14	0.117595196722186	1.23750104632611e-14
"TCGA.3A.A9IZ.01"	1.03400392971839e-14	1.03400392971839e-14	1.03400392971839e-14	0.328961261687659	1.03400392971839e-14
"TCGA.3E.AAAY.01"	0.204347455245085	0.39140552268727	0.00423116712164429	8.95578198492582e-15	0.400015854945956
"TCGA.F2.6879.01"	2.51441572031366e-14	2.51441572031366e-14	2.51441572031366e-14	2.51441572031366e-14	5.44124054622786e-07
"TCGA.F2.6880.01"	7.97343619187127e-15	7.97343619187127e-15	7.97343619187127e-15	0.244960874841722	7.97343619187127e-15
"TCGA.F2.A7TX.01"	0.149379204758612	1.00595846055123e-14	0.136087249426482	1.00595846055123e-14	0.292952830949945
"TCGA.F2.A8YN.01"	2.16902076365102e-14	2.16902076365102e-14	0.135598559535413	2.16902076365102e-14	2.16902076365102e-14
"TCGA.FB.A4P6.01"	0.0718439374040997	1.17607007676182e-14	0.603090254130572	1.17607007676182e-14	0.325065808465257
"TCGA.FB.A5VM.01"	0.421297528849633	1.13290322503254e-14	1.13290322503254e-14	0.321998458877951	0.210133494676301
"TCGA.FB.A78T.01"	1.84694521585236e-14	1.84694521585236e-14	0.342724777543873	1.84694521585236e-14	0.222770138647028
"TCGA.FB.AAPP.01"	8.98772835925658e-15	8.98772835925658e-15	8.98772835925658e-15	8.98772835925658e-15	8.98772835925658e-15
"TCGA.FB.AAPQ.01"	0.0109009813744667	0.0435632333718673	1.2557132322791e-14	0.104179200221123	1.2557132322791e-14
"TCGA.FB.AAPU.01"	0.0481825182980874	0.0122684184141536	1.47607316534367e-14	1.47607316534367e-14	0.119162055155306
"TCGA.FB.AAPY.01"	0.442701243367041	0.000255708527020546	0.107680353720144	0.0800524601802687	0.369310234205489
"TCGA.FB.AAPZ.01"	0.119260130285316	1.29723585343633e-14	0.40765993819729	0.162850047176425	0.310229884340903
"TCGA.FB.AAQ0.01"	1.40607613431141e-14	1.40607613431141e-14	1.40607613431141e-14	1.40607613431141e-14	1.40607613431141e-14
"TCGA.FB.AAQ1.01"	2.22713742332338e-14	2.22713742332338e-14	0.193593623863872	2.22713742332338e-14	5.97359683841079e-09
"TCGA.FB.AAQ2.01"	0.362770823977492	0.120915553619464	1.47396724468554e-14	0.10988858456926	0.0674650074871334
"TCGA.FB.AAQ3.01"	1.13194026075387e-14	1.13194026075387e-14	1.13194026075387e-14	1.13194026075387e-14	1.13194026075387e-14
"TCGA.FB.AAQ6.01"	0.00775802010584795	1.28354460541206e-12	3.73664522594687e-15	3.73664522594687e-15	3.73664522594687e-15
"TCGA.H8.A6C1.01"	0.414190030597926	0.20314856162387	1.07021177415807e-14	1.07021177415807e-14	0.38266140777814
"TCGA.HV.A5A3.01"	1.96917023271286e-14	1.96917023271286e-14	1.96917023271286e-14	1.96917023271286e-14	1.96917023271286e-14
"TCGA.HV.A5A5.01"	1.12116670860658e-14	0.31510898862833	0.0463123859593901	1.12116670860658e-14	0.52907900167253
"TCGA.HV.A5A6.01"	1.35094527921593e-14	0.292824082223651	0.00815435792677921	1.35094527921593e-14	1.35094527921593e-14
"TCGA.HV.A7OL.01"	0.494035412915146	8.39155663321561e-15	8.39155663321561e-15	0.062275752936588	0.162121428274927
"TCGA.HV.A7OP.01"	9.64668272753916e-15	9.64668272753916e-15	9.64668272753916e-15	0.101435531272786	9.64668272753916e-15
"TCGA.HV.AA8X.01"	0.000796861333723249	1.57238715650483e-14	1.57238715650483e-14	1.57238715650483e-14	1.57238715650483e-14
"TCGA.HZ.7289.01"	9.42955499328399e-15	9.42955499328399e-15	9.42955499328399e-15	9.42955499328399e-15	9.42955499328399e-15
"TCGA.HZ.7919.01"	0.00860701731845606	1.54715798920649e-14	0.428006756324939	0.00689918896282872	0.421651862752539
"TCGA.HZ.7924.01"	0.391910764501542	0.0611002254576007	0.246562723177742	1.17721666457736e-14	0.300426286863056
"TCGA.HZ.7926.01"	0.472601289105046	0.290005878798096	3.23422363085863e-13	9.32603953458039e-15	0.237392832096487
"TCGA.HZ.8317.01"	1.48247784259274e-14	0.269422284056661	0.244496747107142	1.48247784259274e-14	0.114011449232015
"TCGA.HZ.8638.01"	0.0359109330015102	0.241058180602339	0.370772983740404	1.38416292542974e-14	0.214137817871992
"TCGA.HZ.A49I.01"	0.187528492257652	0.193209342131445	0.0714257472706345	6.75623544806341e-15	0.115973105401343
"TCGA.HZ.A4BH.01"	0.331278125608016	6.8752930407275e-15	0.369198747272402	0.201367240722844	0.0981558863967047
"TCGA.HZ.A4BK.01"	0.133636707298901	0.208410620812315	0.304501199098647	1.11759722707062e-14	0.316212569627841
"TCGA.HZ.A77O.01"	2.18023808199979e-14	2.18023808199979e-14	0.0462548586197418	2.18023808199979e-14	2.18023808199979e-14
"TCGA.HZ.A8P0.01"	0.095442128552499	0.821830785118653	9.50409417738231e-15	6.30080035736831e-05	0.0106428171108794
"TCGA.HZ.A8P1.01"	1.92351531863644e-14	1.92351531863644e-14	1.92351531863644e-14	1.92351531863644e-14	1.92351531863644e-14
"TCGA.HZ.A9TJ.01"	0.0259174363436848	3.04126520654946e-14	3.04126520654946e-14	3.04126520654946e-14	3.04126520654946e-14
"TCGA.HZ.A9TJ.06"	4.4359748730314e-15	4.4359748730314e-15	4.4359748730314e-15	4.4359748730314e-15	4.4359748730314e-15
"TCGA.IB.7644.01"	1.95585545517695e-14	1.95585545517695e-14	1.95585545517695e-14	1.95585545517695e-14	0.433673521192641
"TCGA.IB.7652.01"	2.00276476628805e-10	1.10074010463211e-14	0.475617311071649	1.10074010463211e-14	0.204232318512774
"TCGA.IB.7889.01"	0.306826926502723	0.00460373618527677	2.15955979821717e-06	5.7648334278649e-15	0.178121197855071
"TCGA.IB.A5SP.01"	0.0221182549097282	2.43947383059621e-14	2.43947383059621e-14	2.43947383059621e-14	2.43947383059621e-14
"TCGA.IB.A6UF.01"	1.77197603881383e-14	1.77197603881383e-14	1.77197603881383e-14	1.77197603881383e-14	1.77197603881383e-14
"TCGA.IB.A6UG.01"	0.760770913345399	1.92702882980706e-14	1.92702882980706e-14	1.92702882980706e-14	0.239229086654466
"TCGA.IB.A7LX.01"	2.18509421981583e-14	0.240674723621228	2.18509421981583e-14	2.18509421981583e-14	2.18509421981583e-14
"TCGA.IB.A7M4.01"	0.584382541590599	1.76110379661516e-14	1.76110379661516e-14	1.76110379661516e-14	0.415617458409277
"TCGA.IB.AAUM.01"	0.285025303142675	0.412403398416041	0.116523001265545	0.0995530587605842	0.0864952374041746
"TCGA.IB.AAUN.01"	0.210975167280353	3.22835704831079e-14	0.147240072451645	0.0302019496976335	0.50451875530683
"TCGA.IB.AAUO.01"	2.22964951122881e-14	2.22964951122881e-14	2.22964951122881e-14	2.22964951122881e-14	2.22964951122881e-14
"TCGA.IB.AAUU.01"	1.38787032042874e-14	0.256448902199626	0.0490203411428455	1.38787032042874e-14	0.343239048101694
"TCGA.IB.AAUW.01"	0.304178490066047	7.74348032443356e-15	0.665251074969837	0.0305704349640203	5.72383045776381e-14
"TCGA.L1.A7W4.01"	1.32478912962851e-14	1.32478912962851e-14	1.32478912962851e-14	1.32478912962851e-14	1.32478912962851e-14
"TCGA.LB.A7SX.01"	0.228561649414553	0.571642411499434	0.0451867524366389	1.51815365716892e-14	0.0158311733922616
"TCGA.LB.A8F3.01"	1.030616867951e-14	1.030616867951e-14	1.030616867951e-14	0.0283662395399805	1.030616867951e-14
"TCGA.LB.A9Q5.01"	2.29304605265705e-14	2.29304605265705e-14	0.561013070925535	2.29304605265705e-14	2.29304605265705e-14
"TCGA.OE.A75W.01"	2.03184096049513e-14	2.03184096049513e-14	2.03184096049513e-14	2.03184096049513e-14	0.350310493760538
"TCGA.Q3.AA2A.01"	0.0564277295050525	0.163617508155318	0.169654001750812	0.341917743447265	2.26046205687571e-14
"TCGA.RB.AA9M.01"	0.121522471267214	0.542871382049469	1.10835114443626e-14	1.10835114443626e-14	0.102408066163669
"TCGA.S4.A8RM.01"	2.2966794821596e-14	2.2966794821596e-14	0.170157249572969	2.2966794821596e-14	0.398424963892846
"TCGA.S4.A8RO.01"	2.79380926058591e-14	2.79380926058591e-14	0.0619319913645009	2.79380926058591e-14	0.0871507745592806
"TCGA.S4.A8RP.01"	1.16899480997829e-14	0.42462735292407	0.299160296139339	1.16899480997829e-14	0.210230476967664
"TCGA.US.A776.01"	0.0103755764223588	9.44517212910439e-15	9.44517212910439e-15	9.44517212910439e-15	9.44517212910439e-15
"TCGA.US.A779.01"	0.0394414552073893	1.16501660870062e-14	1.16501660870062e-14	1.16501660870062e-14	1.16501660870062e-14
"TCGA.US.A77G.01"	2.39641342189002e-14	0.1050169198217	2.39641342189002e-14	2.39641342189002e-14	2.39641342189002e-14
"TCGA.XD.AAUI.01"	0.493755961664905	0.182863670812504	0.0759026754425744	8.32359040766284e-15	0.247477692079975
"TCGA.YY.A8LH.01"	0.158114164673799	1.38081729824376e-14	1.38081729824376e-14	1.38081729824376e-14	0.0828157446656889
"TCGA.Z5.AAPL.01"	0.115546086531082	1.44206337020763e-15	0.0851874285299411	1.44206337020763e-15	0.0692501459002738
